 <pre>

 Contingency table for Visibility (m)
 Selection: Finland     69 stations
Period: 20220701-20220731
Used {00,06,12,18} + 03 06 ... 48
 Limits    1000.0000000000000        5000.0000000000000        10000.000000000000        20000.000000000000     
 Each class is data <= limit, the very last > last limit
 Total number of values      132035
                                     OBSERVATION
                                     22       43       67      136      142 |       410
                                    263      711     1289     4119     6170 |     12552
              43h22_ref_summer       90      257      383     2133     6655 |      9518
                                    155      382      775     5802    24227 |     31341
                                     89      447      666    14435    62577 |     78214

                    SUM             619     1840     3180    26625    99771 |    132035
                                     OBSERVATION
                                     19       36       55      103      106 |       319
                                    235      673     1206     3774     5611 |     11499
            43h22_extra_summer      106      254      430     2163     6544 |      9497
                                    163      396      770     5748    23447 |     30524
                                     96      481      719    14837    64063 |     80196

                    SUM             619     1840     3180    26625    99771 |    132035

