 <pre>

 Contingency table for Visibility (m)
 Selection: Denmark     22 stations
Period: 20220701-20220731
Used {00,06,12,18} + 03 06 ... 48
 Limits    1000.0000000000000        5000.0000000000000        10000.000000000000        20000.000000000000     
 Each class is data <= limit, the very last > last limit
 Total number of values       37393
                                     OBSERVATION
                                     19       45       18       13        6 |       101
                                     83      398      396      508      403 |      1788
              43h22_ref_summer       48      225      386      987     1670 |      3316
                                     40      261      397     2291     7485 |     10474
                                     82      175      655     3646    17156 |     21714

                    SUM             272     1104     1852     7445    26720 |     37393
                                     OBSERVATION
                                     12       34       18       17        2 |        83
                                     91      394      400      528      425 |      1838
            43h22_extra_summer       53      230      385      942     1770 |      3380
                                     41      259      399     2294     7231 |     10224
                                     75      187      650     3664    17292 |     21868

                    SUM             272     1104     1852     7445    26720 |     37393

