 <pre>

 Contingency table for Low clouds (octas)
 Selection: METCOOP    229 stations
Period: 20220701-20220731
Used {00,06,12,18} + 03 06 ... 48
 Limits    1.0000000000000000        2.0000000000000000        3.0000000000000000        4.0000000000000000        5.0000000000000000        6.0000000000000000        7.0000000000000000     
 Each class is data <= limit, the very last > last limit
 Total number of values      319406
                                              OBSERVATION
                                  93661     7029     5618     4360     3979     2707     4822     6253 |    128429
                                   9237     1455     1386     1040     1026      829     1491     1788 |     18252
                                   6540     1118     1180      853      861      717     1318     1514 |     14101
              43h22_ref_summer     5587     1234     1126      863      921      690     1356     1510 |     13287
                                   5456     1220     1168      935      985      742     1522     1620 |     13648
                                   5393     1419     1420     1069     1078      877     1892     2049 |     15197
                                   6240     1700     1713     1422     1597     1343     2808     3144 |     19967
                                  16319     6886     6938     6216     7283     7223    16767    28893 |     96525

                    SUM          148433    22061    20549    16758    17730    15128    31976    46771 |    319406
                                              OBSERVATION
                                 120116    11639    10143     7793     7584     5616    10760    12916 |    186567
                                   3417      969      938      795      785      638     1219     1422 |     10183
                                   2233      696      649      507      552      475      942     1048 |      7102
            43h22_extra_summer     1907      629      644      492      531      394      828      839 |      6264
                                   1900      586      599      462      503      392      784      855 |      6081
                                   2145      657      649      526      579      464     1020     1109 |      7149
                                   3129      899      872      738      871      743     1541     1809 |     10602
                                  13586     5986     6055     5445     6325     6406    14882    26773 |     85458

                    SUM          148433    22061    20549    16758    17730    15128    31976    46771 |    319406

