 <pre>

 Contingency table for Rh2m (%)
 Selection: ALL   1017 stations
Period: 20220701-20220731
Used {00,06,12,18} + 03 06 ... 48
 Limits    30.000000000000000        50.000000000000000        65.000000000000000        75.000000000000000        85.000000000000000        95.000000000000000        100.00000000000000     
 Each class is data <= limit, the very last > last limit
 Total number of values     1924261
                                              OBSERVATION
                                   7366     4969      243       54       15        1        0        0 |     12648
                                   4120   108697    44860     6037     2378      954      174        0 |    167220
                                    294    53304   184665    80095    29441    11867     2476        0 |    362142
              43h22_ref_summer       39     7009    80743   135341    97472    38585     8092        0 |    367281
                                      5     2103    26264    81496   155044   111641    27359        0 |    403912
                                      2      834     9304    28665    95017   196475    89860        0 |    420157
                                      0       81     1400     4404    18597    70609    88035        0 |    183126
                                      0        0       15       80      564     1687     5429        0 |      7775

                    SUM           11826   176997   347494   336172   398528   431819   221425        0 |   1924261
                                              OBSERVATION
                                   6616     3752      200       51       12        1        0        0 |     10632
                                   4865   110181    45034     5803     2292      940      164        0 |    169279
                                    290    53710   190833    81847    29190    11510     2346        0 |    369726
            43h22_extra_summer       34     6423    77945   138886    98828    37985     7897        0 |    367998
                                     12     2000    23411    79227   158145   112968    27025        0 |    402788
                                      8      842     8794    26391    92814   199450    91046        0 |    419345
                                      1       89     1261     3892    16748    67576    88217        0 |    177784
                                      0        0       16       75      499     1389     4730        0 |      6709

                    SUM           11826   176997   347494   336172   398528   431819   221425        0 |   1924261

