 <pre>

 Contingency table for Visibility (m)
 Selection: Denmark     20 stations
Period: 20220701-20220710
Used {00,06,12,18} + 03 06 ... 48
 Limits    1000.0000000000000        5000.0000000000000        10000.000000000000        20000.000000000000     
 Each class is data <= limit, the very last > last limit
 Total number of values       11325
                                     OBSERVATION
                                      0        0        2        1        0 |         3
                                      7       79      114      197      178 |       575
              43h22_ref_summer        1       33       73      345      560 |      1012
                                      2       40      107      597     2914 |      3660
                                      5       43      177      921     4929 |      6075

                    SUM              15      195      473     2061     8581 |     11325
                                     OBSERVATION
                                      0        0        1        1        0 |         2
                                      5       76      125      202      169 |       577
            43h22_extra_summer        3       32       71      343      564 |      1013
                                      3       40      109      594     2840 |      3586
                                      4       47      167      921     5008 |      6147

                    SUM              15      195      473     2061     8581 |     11325

