 <pre>

 Contingency table for Cloud cover (octas)
 Selection: Finland     69 stations
Period: 20220701-20220717
Used {00,06,12,18} + 03 06 ... 48
 Limits   0.50000000000000000        1.5000000000000000        2.5000000000000000        3.5000000000000000        4.5000000000000000        5.5000000000000000        6.5000000000000000        7.5000000000000000     
 Each class is data <= limit, the very last > last limit
 Total number of values       71283
                                                       OBSERVATION
                                   5464      709      327      384      214      249      113      479      163 |      8102
                                   1628      492      178      254      141      178      107      562      164 |      3704
                                   1024      324      121      196      117      174       89      493      165 |      2703
                                    867      344      110      193       92      168      101      468      178 |      2521
              43h22_ref_summer      794      350      111      204       93      186       95      585      167 |      2585
                                    750      373      138      230      116      272      135      757      212 |      2983
                                    822      481      154      309      150      343      167      993      341 |      3760
                                   1252      719      238      479      282      524      297     1820      611 |      6222
                                   3853     2977      953     2265     1138     3124     1514    15339     7540 |     38703

                    SUM           16454     6769     2330     4514     2343     5218     2618    21496     9541 |     71283
                                                       OBSERVATION
                                   8183     1739      650      951      523      730      351     2078      692 |     15897
                                   1064      493      171      271      164      252      148      921      315 |      3799
                                    670      328       94      183      115      181      111      636      231 |      2549
                                    524      264       90      150       92      216       85      544      186 |      2151
            43h22_extra_summer      579      271      103      168       92      188      106      575      173 |      2255
                                    485      264       91      167       88      222      107      624      210 |      2258
                                    648      320      112      226      117      269      141      832      300 |      2965
                                   1012      535      196      358      174      412      196     1463      515 |      4861
                                   3289     2555      823     2040      978     2748     1373    13823     6919 |     34548

                    SUM           16454     6769     2330     4514     2343     5218     2618    21496     9541 |     71283

