 <pre>

 Contingency table for Cloud cover (octas)
 Selection: Norway     38 stations
Period: 20220701-20220731
Used {00,06,12,18} + 03 06 ... 48
 Limits   0.50000000000000000        1.5000000000000000        2.5000000000000000        3.5000000000000000        4.5000000000000000        5.5000000000000000        6.5000000000000000        7.5000000000000000     
 Each class is data <= limit, the very last > last limit
 Total number of values       44018
                                                       OBSERVATION
                                   1012      979      533      505      309      282      294      304      189 |      4407
                                    251      194      199      188      207      174      199      283      183 |      1878
                                    153      101      134      128      120      133      177      243      167 |      1356
                                    119       90       85       99      110      162      157      243      185 |      1250
              43h22_ref_summer       98       70       95      110      120      123      175      264      177 |      1232
                                     98       80       75       90      120      149      196      281      195 |      1284
                                    114       82       93      127      123      174      272      389      290 |      1664
                                    167      109      123      156      204      291      409      697      526 |      2682
                                    528      334      356      511      732     1220     2855     7164    14565 |     28265

                    SUM            2540     2039     1693     1914     2045     2708     4734     9868    16477 |     44018
                                                       OBSERVATION
                                   1329     1207      812      813      637      615      725     1060      732 |      7930
                                    144      142      151      143      197      201      247      423      347 |      1995
                                     99       60       72       83      106      143      182      296      222 |      1263
                                     78       56       51       69       70       98      148      229      195 |       994
            43h22_extra_summer       73       53       52       52       69      104      161      244      174 |       982
                                     73       56       53       61       84       87      141      278      197 |      1030
                                     92       65       69       90       90      128      189      323      260 |      1306
                                    134       92      124      123      130      224      323      606      448 |      2204
                                    518      308      309      480      662     1108     2618     6409    13902 |     26314

                    SUM            2540     2039     1693     1914     2045     2708     4734     9868    16477 |     44018

