 <pre>

 Contingency table for Rh2m (%)
 Selection: Finland    129 stations
Period: 20220701-20220731
Used {00,06,12,18} + 03 06 ... 48
 Limits    30.000000000000000        50.000000000000000        65.000000000000000        75.000000000000000        85.000000000000000        95.000000000000000        100.00000000000000     
 Each class is data <= limit, the very last > last limit
 Total number of values      246184
                                              OBSERVATION
                                     44      235       18        2        1        0        0        0 |       300
                                    117     6994     3969      526      194      125       24        0 |     11949
                                     10     5331    22141    10531     3603     1514      404        0 |     43534
              43h22_ref_summer        0      824    10017    19243    14034     5339     1381        0 |     50838
                                      2      298     3392    10818    21708    16114     4787        0 |     57119
                                      0      124     1462     3647    11680    25666    14373        0 |     56952
                                      0       12      266      683     1773     8575    13424        0 |     24733
                                      0        0        0        3       15      131      610        0 |       759

                    SUM             173    13818    41265    45453    53008    57464    35003        0 |    246184
                                              OBSERVATION
                                     46      238       20        4        0        0        0        0 |       308
                                    118     7256     4439      584      241      124       25        0 |     12787
                                      7     5280    23133    11417     3684     1626      386        0 |     45533
            43h22_extra_summer        1      689     9173    19603    14716     5523     1445        0 |     51150
                                      0      246     2945    10100    21979    16676     4791        0 |     56737
                                      1       95     1333     3194    10917    25936    14741        0 |     56217
                                      0       14      222      550     1460     7496    13123        0 |     22865
                                      0        0        0        1       11       83      492        0 |       587

                    SUM             173    13818    41265    45453    53008    57464    35003        0 |    246184

