 <pre>

 Contingency table for Rh2m (%)
 Selection: ALL   1015 stations
Period: 20220701-20220717
Used {00,06,12,18} + 03 06 ... 48
 Limits    30.000000000000000        50.000000000000000        65.000000000000000        75.000000000000000        85.000000000000000        95.000000000000000        100.00000000000000     
 Each class is data <= limit, the very last > last limit
 Total number of values     1035986
                                              OBSERVATION
                                    863     2554       94       16        3        1        0        0 |      3531
                                   1560    56234    24287     3475     1304      620      128        0 |     87608
                                    183    29576   100473    44144    16637     6628     1397        0 |    199038
              43h22_ref_summer       30     4200    45764    74441    53660    20466     4004        0 |    202565
                                      4     1389    15955    45836    84478    58604    13210        0 |    219476
                                      1      653     6110    17239    52953   102308    43706        0 |    222970
                                      0       68      892     2720    10827    38419    45056        0 |     97982
                                      0        0        5       31      257      653     1870        0 |      2816

                    SUM            2641    94674   193580   187902   220119   227699   109371        0 |   1035986
                                              OBSERVATION
                                    783     2026       91       16        6        1        0        0 |      2923
                                   1634    57853    25207     3442     1306      577      107        0 |     90126
                                    185    28852   103222    44976    16240     6377     1305        0 |    201157
            43h22_extra_summer       21     3874    44430    76629    54528    20143     3941        0 |    203566
                                     11     1318    14171    44588    86570    59259    13101        0 |    219018
                                      6      672     5658    15828    51519   104070    44420        0 |    222173
                                      1       79      795     2395     9733    36700    44828        0 |     94531
                                      0        0        6       28      217      572     1669        0 |      2492

                    SUM            2641    94674   193580   187902   220119   227699   109371        0 |   1035986

