 <pre>

 Contingency table for Cloud cover (octas)
 Selection: ALL    610 stations
Period: 20220701-20220731
Used {00,06,12,18} + 03 06 ... 48
 Limits   0.50000000000000000        1.5000000000000000        2.5000000000000000        3.5000000000000000        4.5000000000000000        5.5000000000000000        6.5000000000000000        7.5000000000000000     
 Each class is data <= limit, the very last > last limit
 Total number of values     1022995
                                                       OBSERVATION
                                  68428    17006    16231     9448     5432     7469     7921     5913     8862 |    146710
                                  15076     6024     6375     5108     3365     4893     6076     5715     7967 |     60599
                                   8209     3742     3945     3432     2383     3678     4817     4962     7240 |     42408
                                   6578     3181     3148     3029     2069     3368     4545     4727     6968 |     37613
              43h22_ref_summer     6085     3099     3154     3080     2156     3590     4937     5265     7751 |     39117
                                   6023     3167     3250     3369     2535     4057     5578     6661     9480 |     44120
                                   7004     3784     3578     3884     2976     5062     7211     8807    13166 |     55472
                                  10256     5510     5175     5679     4425     7717    11077    15398    23646 |     88883
                                  24712    18281    14569    18594    14493    29201    45965   112809   229449 |    508073

                    SUM          152371    63794    59425    55623    39834    69035    98127   170257   314529 |   1022995
                                                       OBSERVATION
                                  90820    27148    26522    18430    11468    16736    20014    19716    28270 |    259124
                                   8586     4545     4567     4430     3305     5154     6713     8027    11451 |     56778
                                   5019     2748     2717     2704     2006     3290     4425     5384     7975 |     36268
                                   4136     2183     2096     2147     1634     2758     3865     4606     6886 |     30311
            43h22_extra_summer     3832     2033     1974     2147     1605     2798     3838     4732     6828 |     29787
                                   3977     2102     2147     2222     1691     2902     4018     5418     7820 |     32297
                                   5424     2631     2529     2760     2072     3594     5081     7180    10819 |     42090
                                   8535     4133     3883     4114     3110     5739     8220    12137    19532 |     69403
                                  22042    16271    12990    16669    12943    26064    41953   103057   214948 |    466937

                    SUM          152371    63794    59425    55623    39834    69035    98127   170257   314529 |   1022995

