 <pre>

 Contingency table for Low clouds (octas)
 Selection: METCOOP    229 stations
Period: 20220701-20220710
Used {00,06,12,18} + 03 06 ... 48
 Limits    1.0000000000000000        2.0000000000000000        3.0000000000000000        4.0000000000000000        5.0000000000000000        6.0000000000000000        7.0000000000000000     
 Each class is data <= limit, the very last > last limit
 Total number of values      101005
                                              OBSERVATION
                                  31222     2724     2261     1640     1319      934     1439     1175 |     42714
                                   3493      579      548      395      368      301      442      384 |      6510
                                   2586      467      462      332      298      257      392      323 |      5117
              43h22_ref_summer     2141      546      476      338      343      267      410      349 |      4870
                                   2106      529      497      399      358      269      443      374 |      4975
                                   2018      591      609      426      384      332      556      431 |      5347
                                   2328      684      677      549      539      456      791      625 |      6649
                                   5593     2403     2213     1980     2042     2072     3557     4963 |     24823

                    SUM           51487     8523     7743     6059     5651     4888     8030     8624 |    101005
                                              OBSERVATION
                                  41365     4594     4078     2957     2592     1974     3088     2683 |     63331
                                   1297      397      374      329      274      230      359      309 |      3569
                                    853      306      284      201      206      175      275      242 |      2542
            43h22_extra_summer      743      297      268      211      198      143      240      190 |      2290
                                    752      264      236      185      179      154      232      157 |      2159
                                    771      269      259      191      214      128      286      214 |      2332
                                   1075      345      332      239      268      252      389      357 |      3257
                                   4631     2051     1912     1746     1720     1832     3161     4472 |     21525

                    SUM           51487     8523     7743     6059     5651     4888     8030     8624 |    101005

