 <pre>

 Contingency table for Low clouds (octas)
 Selection: Sweden    123 stations
Period: 20220701-20220710
Used {00,06,12,18} + 03 06 ... 48
 Limits    1.0000000000000000        2.0000000000000000        3.0000000000000000        4.0000000000000000        5.0000000000000000        6.0000000000000000        7.0000000000000000     
 Each class is data <= limit, the very last > last limit
 Total number of values       52569
                                              OBSERVATION
                                  13109     1605     1162     1033      645      515      591      784 |     19444
                                   1755      416      323      263      195      167      179      242 |      3540
                                   1322      347      280      214      154      144      167      203 |      2831
              43h22_ref_summer     1071      411      290      226      179      158      167      235 |      2737
                                   1098      400      291      267      189      160      175      252 |      2832
                                   1006      437      385      309      197      196      194      310 |      3034
                                   1174      544      411      395      262      272      300      450 |      3808
                                   3008     1868     1524     1484     1050     1146     1238     3025 |     14343

                    SUM           23543     6028     4666     4191     2871     2758     3011     5501 |     52569
                                              OBSERVATION
                                  18240     3004     2270     1921     1296     1102     1199     1742 |     30774
                                    684      301      261      222      157      149      145      211 |      2130
                                    451      235      187      148      112       96      111      171 |      1511
            43h22_extra_summer      368      219      179      144      100       79      105      131 |      1325
                                    396      206      144      139       95       88       91      113 |      1272
                                    393      214      154      140      108       78      119      155 |      1361
                                    534      266      201      169      132      154      151      239 |      1846
                                   2477     1583     1270     1308      871     1012     1090     2739 |     12350

                    SUM           23543     6028     4666     4191     2871     2758     3011     5501 |     52569

