 <pre>

 Contingency table for Visibility (m)
 Selection: Norway     39 stations
Period: 20220701-20220731
Used {00,06,12,18} + 03 06 ... 48
 Limits    1000.0000000000000        5000.0000000000000        10000.000000000000        20000.000000000000     
 Each class is data <= limit, the very last > last limit
 Total number of values       45003
                                     OBSERVATION
                                    634      351      226      232      183 |      1626
                                    300      565      842      990     1124 |      3821
              43h22_ref_summer       73      295      480     1085     1498 |      3431
                                     84      489     1100     2224     9201 |     13098
                                     62      305     1048     2452    19160 |     23027

                    SUM            1153     2005     3696     6983    31166 |     45003
                                     OBSERVATION
                                    617      350      224      211      166 |      1568
                                    336      548      784      936     1029 |      3633
            43h22_extra_summer       64      296      509     1109     1464 |      3442
                                     81      494     1109     2211     8922 |     12817
                                     55      317     1070     2516    19585 |     23543

                    SUM            1153     2005     3696     6983    31166 |     45003

