 <pre>

 Contingency table for Visibility (m)
 Selection: METCOOP    264 stations
Period: 20220701-20220710
Used {00,06,12,18} + 03 06 ... 48
 Limits    1000.0000000000000        5000.0000000000000        10000.000000000000        20000.000000000000     
 Each class is data <= limit, the very last > last limit
 Total number of values      146918
                                     OBSERVATION
                                    197      132      166      222      197 |       914
                                    400      922     1200     2652     5967 |     11141
              43h22_ref_summer      157      407      561     1733     7341 |     10199
                                    340      510      923     3866    30750 |     36389
                                    199      465      978     7982    78651 |     88275

                    SUM            1293     2436     3828    16455   122906 |    146918
                                     OBSERVATION
                                    176      124      150      194      163 |       807
                                    416      884     1163     2484     5676 |     10623
            43h22_extra_summer      190      396      603     1751     7296 |     10236
                                    317      536      933     3920    29984 |     35690
                                    194      496      979     8106    79787 |     89562

                    SUM            1293     2436     3828    16455   122906 |    146918

