 <pre>

 Contingency table for Low clouds (octas)
 Selection: Finland     69 stations
Period: 20220701-20220717
Used {00,06,12,18} + 03 06 ... 48
 Limits    1.0000000000000000        2.0000000000000000        3.0000000000000000        4.0000000000000000        5.0000000000000000        6.0000000000000000        7.0000000000000000     
 Each class is data <= limit, the very last > last limit
 Total number of values       66662
                                              OBSERVATION
                                  22604      822     1065      513      675      307     1196      696 |     27878
                                   2714      197      326      129      245       96      392      277 |      4376
                                   2005      146      258      102      197       88      353      256 |      3405
              43h22_ref_summer     1720      159      247      107      205       93      408      233 |      3172
                                   1624      170      272      129      242      115      451      260 |      3263
                                   1654      183      305      124      235      114      575      304 |      3494
                                   1970      208      414      157      367      183      823      421 |      4543
                                   5257      566     1210      419     1223      600     3898     3358 |     16531

                    SUM           39548     2451     4097     1680     3389     1596     8096     5805 |     66662
                                              OBSERVATION
                                  30726     1445     2117      907     1531      671     2904     1814 |     42115
                                   1021      115      175      116      176       69      348      210 |      2230
                                    664       85      129       60      118       76      261      145 |      1538
            43h22_extra_summer      600       80      141       73      119       56      240      137 |      1446
                                    589       64      118       47      122       64      235      116 |      1355
                                    649       61      143       53      125       56      277      146 |      1510
                                   1001      112      208       78      179       92      461      250 |      2381
                                   4298      489     1066      346     1019      512     3370     2987 |     14087

                    SUM           39548     2451     4097     1680     3389     1596     8096     5805 |     66662

