 <pre>

 Contingency table for Rh2m (%)
 Selection: Norway    214 stations
Period: 20220701-20220710
Used {00,06,12,18} + 03 06 ... 48
 Limits    30.000000000000000        50.000000000000000        65.000000000000000        75.000000000000000        85.000000000000000        95.000000000000000        100.00000000000000     
 Each class is data <= limit, the very last > last limit
 Total number of values      124327
                                              OBSERVATION
                                     27      116        2        0        0        0        0        0 |       145
                                    103     5356     1260      133       45        3        0        0 |      6900
                                     11     3435     8190     2535      955      297       33        0 |     15456
              43h22_ref_summer        6      492     5194     6479     4908     1641      183        0 |     18903
                                      0      125     2394     6695    12235     7754     1168        0 |     30371
                                      0       45     1009     3196     9919    16425     5228        0 |     35822
                                      0        4      122      384     2126     7466     6204        0 |     16306
                                      0        0        1       12       71      129      211        0 |       424

                    SUM             147     9573    18172    19434    30259    33715    13027        0 |    124327
                                              OBSERVATION
                                     23      100        4        0        0        0        0        0 |       127
                                    103     5430     1277      139       54        4        0        0 |      7007
                                     15     3367     8452     2768     1079      298       37        0 |     16016
            43h22_extra_summer        6      444     5233     6828     5241     1780      194        0 |     19726
                                      0      152     2171     6451    12187     7854     1180        0 |     29995
                                      0       72      909     2876     9661    16571     5228        0 |     35317
                                      0        8      125      362     1971     7096     6163        0 |     15725
                                      0        0        1       10       66      112      225        0 |       414

                    SUM             147     9573    18172    19434    30259    33715    13027        0 |    124327

