 <pre>

 Contingency table for Cloud base (m)
 Selection: ALL    615 stations
Period: 20220701-20220710
Used {00,06,12,18} + 03 06 ... 48
 Limits    70.000000000000000        150.00000000000000        300.00000000000000        600.00000000000000        1000.0000000000000        1500.0000000000000        2500.0000000000000        5000.0000000000000     
 Each class is data <= limit, the very last > last limit
 Total number of values      175624
                                                       OBSERVATION
                                    333      194      144       80       51       13       14       51        2 |       882
                                    169      261      382      221      100       27       17       30        2 |      1209
                                    191      535     1393     1063      480      125      122       91       28 |      4028
                                    218      583     2735     4080     2145      578      563      328       70 |     11300
              43h22_ref_summer      120      262     1458     4214     7975     3332     1927      896      433 |     20617
                                    120      189      932     2571     6326     8831     5405     1833      541 |     26748
                                    105      184      765     2337     5800     6014    10752     4973      839 |     31769
                                     72       81      453     1475     3204     2067     2901     4575      460 |     15288
                                    389      320     1442     5326    14855    11094    12525    13405     4427 |     63783

                    SUM            1717     2609     9704    21367    40936    32081    34226    26182     6802 |    175624
                                                       OBSERVATION
                                    310      176      137       62       34        8       10       45        2 |       784
                                    171      234      328      171       98       15       16       32        2 |      1067
                                    170      534     1231      853      368       92       85       58       30 |      3421
                                    197      517     2284     3011     1450      402      337      251       50 |      8499
            43h22_extra_summer      111      217     1394     3659     5468     1838     1033      540      256 |     14516
                                    100      184     1006     2523     5991     6988     3744     1117      315 |     21968
                                    112      177      828     2218     4989     5985     9133     3562      584 |     27588
                                     63      111      467     1460     2842     1878     2911     3739      356 |     13827
                                    483      459     2029     7410    19696    14875    16957    16838     5207 |     83954

                    SUM            1717     2609     9704    21367    40936    32081    34226    26182     6802 |    175624

