 <pre>

 Contingency table for Cloud base (m)
 Selection: Sweden    123 stations
Period: 20220701-20220717
Used {00,06,12,18} + 03 06 ... 48
 Limits    70.000000000000000        150.00000000000000        300.00000000000000        600.00000000000000        1000.0000000000000        1500.0000000000000        2500.0000000000000        5000.0000000000000     
 Each class is data <= limit, the very last > last limit
 Total number of values       60535
                                                       OBSERVATION
                                     57       56       59       29        3        7        7       11        0 |       229
                                     39       92      161       76       18        7       10       14        1 |       418
                                     53      185      578      399      104       56       71       51        0 |      1497
                                     43      185      797     1805      910      357      393      191       13 |      4694
              43h22_ref_summer       29       76      348     1340     2747     1574     1107      438       82 |      7741
                                     39       60      211      527     1335     3808     2788      967      165 |      9900
                                     42       68      221      473      682     1874     4860     2166      346 |     10732
                                     53       37      177      362      298      602     1377     2115      253 |      5274
                                    176       98      310     1203     1658     3088     5757     5526     2234 |     20050

                    SUM             531      857     2862     6214     7755    11373    16370    11479     3094 |     60535
                                                       OBSERVATION
                                     42       40       42       20        1        3        7        8        0 |       163
                                     34       75      139       79       10        6       14       12        0 |       369
                                     37      187      455      295       85       39       47       27        2 |      1174
                                     47      158      742     1385      556      235      208      130        7 |      3468
            43h22_extra_summer       22       63      346     1242     2093      920      641      278       46 |      5651
                                     25       66      205      596     1460     3017     1869      615      104 |      7957
                                     44       72      223      487      723     2084     4251     1600      294 |      9778
                                     42       56      194      338      355      683     1361     1706      183 |      4918
                                    238      140      516     1772     2472     4386     7972     7103     2458 |     27057

                    SUM             531      857     2862     6214     7755    11373    16370    11479     3094 |     60535

