 <pre>

 Contingency table for Cloud base (m)
 Selection: Finland     69 stations
Period: 20220701-20220731
Used {00,06,12,18} + 03 06 ... 48
 Limits    70.000000000000000        150.00000000000000        300.00000000000000        600.00000000000000        1000.0000000000000        1500.0000000000000        2500.0000000000000        5000.0000000000000     
 Each class is data <= limit, the very last > last limit
 Total number of values       63554
                                                       OBSERVATION
                                    109      141      133       46       21        7       14        4        2 |       477
                                     57      184      320      136       24       14       37       19        5 |       796
                                     79      404      951      568      157      102      166       96       22 |      2545
                                     71      372     1550     2232      991      445      532      257       35 |      6485
              43h22_ref_summer       60      186      731     1793     2421     1171     1201      637       96 |      8296
                                     53      179      514      857     1740     2982     3039     1210      168 |     10742
                                     54      134      445      813     1078     1778     4717     2147      229 |     11395
                                     45      110      275      398      551      790     2001     2516      270 |      6956
                                    305      172      565     1188     1588     2068     4838     4425      713 |     15862

                    SUM             833     1882     5484     8031     8571     9357    16545    11311     1540 |     63554
                                                       OBSERVATION
                                     98      135       93       33        7        3       10        1        1 |       381
                                     61      158      225       94       18       10       18       16        1 |       601
                                     62      353      810      460       79       85      111       57       13 |      2030
                                     59      338     1288     1603      590      265      306      157       24 |      4630
            43h22_extra_summer       48      209      766     1648     1615      632      754      393       55 |      6120
                                     35      146      542     1018     1896     2356     2010      804      100 |      8907
                                     53      154      526      880     1197     2013     4131     1626      173 |     10753
                                     38      121      353      424      550      704     1980     2018      175 |      6363
                                    379      268      881     1871     2619     3289     7225     6239      998 |     23769

                    SUM             833     1882     5484     8031     8571     9357    16545    11311     1540 |     63554

