 <pre>

 Contingency table for Cloud base (m)
 Selection: ALL    615 stations
Period: 20220701-20220717
Used {00,06,12,18} + 03 06 ... 48
 Limits    70.000000000000000        150.00000000000000        300.00000000000000        600.00000000000000        1000.0000000000000        1500.0000000000000        2500.0000000000000        5000.0000000000000     
 Each class is data <= limit, the very last > last limit
 Total number of values      314491
                                                       OBSERVATION
                                    518      352      348      180      162       35       31       68        3 |      1697
                                    260      539      800      501      304       71       51       88       10 |      2624
                                    364     1078     2884     2090     1068      272      259      234       66 |      8315
                                    411     1085     4869     7705     4149     1167     1149      685      142 |     21362
              43h22_ref_summer      232      464     2598     7490    13921     5656     3461     1628      794 |     36244
                                    201      355     1600     4344    10774    14612     8801     3191      830 |     44708
                                    178      343     1391     4278     9857     9504    16451     7944     1434 |     51380
                                    144      228     1041     2929     5848     3334     5207    11208      853 |     30792
                                    770      621     2529     9384    25989    18439    20376    24711    14550 |    117369

                    SUM            3078     5065    18060    38901    72072    53090    55786    49757    18682 |    314491
                                                       OBSERVATION
                                    473      328      296      156      117       23       28       70        4 |      1495
                                    271      506      688      404      274       47       37       66        6 |      2299
                                    325     1025     2501     1746      873      225      198      146       56 |      7095
                                    363      975     4135     5863     2822      776      647      463      107 |     16151
            43h22_extra_summer      202      411     2502     6445     9498     3280     2057     1029      426 |     25850
                                    155      344     1684     4286    10163    11539     6147     2019      501 |     36838
                                    178      330     1479     4092     8663     9493    14094     5787     1053 |     45169
                                    116      265     1112     2885     5273     3038     4976     8536      556 |     26757
                                    995      881     3663    13024    34389    24669    27602    31641    15973 |    152837

                    SUM            3078     5065    18060    38901    72072    53090    55786    49757    18682 |    314491

