 <pre>

 Contingency table for Rh2m (%)
 Selection: Sweden    170 stations
Period: 20220701-20220717
Used {00,06,12,18} + 03 06 ... 48
 Limits    30.000000000000000        50.000000000000000        65.000000000000000        75.000000000000000        85.000000000000000        95.000000000000000        100.00000000000000     
 Each class is data <= limit, the very last > last limit
 Total number of values      175646
                                              OBSERVATION
                                     82      170        0        0        0        0        0        0 |       252
                                    442     9520     4291      628      188      106       20        0 |     15195
                                     90     7632    19405     7358     2760      973      131        0 |     38349
              43h22_ref_summer        7     1095     9631    12896     8028     3010      483        0 |     35150
                                      0      307     3290     9063    12500     7822     1982        0 |     34964
                                      0      156     1384     3860     9939    13296     5755        0 |     34390
                                      0       25      213      776     2985     6749     6107        0 |     16855
                                      0        0        2        6       68      164      251        0 |       491

                    SUM             621    18905    38216    34587    36468    32120    14729        0 |    175646
                                              OBSERVATION
                                     68      111        0        0        0        0        0        0 |       179
                                    454    10206     4734      612      168       73        7        0 |     16254
                                     89     7160    20028     7652     2690      971      105        0 |     38695
            43h22_extra_summer        6      963     9110    13418     8313     3099      516        0 |     35425
                                      2      290     2856     8662    12977     8071     1997        0 |     34855
                                      2      153     1298     3570     9581    13439     5956        0 |     33999
                                      0       22      187      667     2683     6325     5927        0 |     15811
                                      0        0        3        6       56      142      221        0 |       428

                    SUM             621    18905    38216    34587    36468    32120    14729        0 |    175646

