 <pre>

 Contingency table for Visibility (m)
 Selection: ALL    699 stations
Period: 20220701-20220717
Used {00,06,12,18} + 03 06 ... 48
 Limits    1000.0000000000000        5000.0000000000000        10000.000000000000        20000.000000000000     
 Each class is data <= limit, the very last > last limit
 Total number of values      691763
                                     OBSERVATION
                                    704      523      452      812      562 |      3053
                                   1800     6375     8673    18023    18406 |     53277
              43h22_ref_summer      826     4151     8097    22538    31863 |     67475
                                   1115     4860    14846    52029   129752 |    202602
                                    816     2933    19160    73689   268758 |    365356

                    SUM            5261    18842    51228   167091   449341 |    691763
                                     OBSERVATION
                                    678      495      424      770      505 |      2872
                                   1831     6342     8656    17712    17556 |     52097
            43h22_extra_summer      892     4291     8397    22469    31924 |     67973
                                   1050     4722    14911    52047   127926 |    200656
                                    810     2992    18840    74093   271430 |    368165

                    SUM            5261    18842    51228   167091   449341 |    691763

