 <pre>

 Contingency table for Low clouds (octas)
 Selection: ALL    627 stations
Period: 20220701-20220717
Used {00,06,12,18} + 03 06 ... 48
 Limits    1.0000000000000000        2.0000000000000000        3.0000000000000000        4.0000000000000000        5.0000000000000000        6.0000000000000000        7.0000000000000000     
 Each class is data <= limit, the very last > last limit
 Total number of values      516035
                                              OBSERVATION
                                 154163    23002    15547     9818     9566     8985     8888     8472 |    238441
                                  13141     3399     2968     2052     2197     2095     2334     2271 |     30457
                                   9193     2506     2343     1698     1732     1720     1996     1986 |     23174
              43h22_ref_summer     8100     2640     2350     1726     1858     1715     2101     2004 |     22494
                                   7616     2551     2437     1971     1884     1803     2235     2178 |     22675
                                   7251     2642     2660     2044     2123     2076     2673     2731 |     24200
                                   8673     3189     3324     2501     2792     2772     4107     4134 |     31492
                                  20399     9700    10205     8165     9773    11226    21180    32454 |    123102

                    SUM          228536    49629    41834    29975    31925    32392    45514    56230 |    516035
                                              OBSERVATION
                                 190638    32598    24214    16151    16168    15377    17133    16677 |    328956
                                   4560     1848     1827     1412     1430     1366     1790     1758 |     15991
                                   3115     1278     1295      985     1031     1018     1237     1294 |     11253
            43h22_extra_summer     2741     1260     1273      980     1040      969     1193     1152 |     10608
                                   2774     1144     1153      920      957      917     1246     1150 |     10261
                                   3073     1255     1299     1051     1104      992     1533     1455 |     11762
                                   4375     1715     1658     1270     1506     1527     2249     2412 |     16712
                                  17260     8531     9115     7206     8689    10226    19133    30332 |    110492

                    SUM          228536    49629    41834    29975    31925    32392    45514    56230 |    516035

