 <pre>

 Contingency table for Visibility (m)
 Selection: Norway     38 stations
Period: 20220701-20220717
Used {00,06,12,18} + 03 06 ... 48
 Limits    1000.0000000000000        5000.0000000000000        10000.000000000000        20000.000000000000     
 Each class is data <= limit, the very last > last limit
 Total number of values       24433
                                     OBSERVATION
                                    296      195      123      144       80 |       838
                                    154      248      409      461      504 |      1776
              43h22_ref_summer       25      145      247      587      811 |      1815
                                     29      247      681     1451     5246 |      7654
                                     42      172      646     1371    10119 |     12350

                    SUM             546     1007     2106     4014    16760 |     24433
                                     OBSERVATION
                                    285      189      119      141       74 |       808
                                    173      242      382      444      469 |      1710
            43h22_extra_summer       25      147      277      592      769 |      1810
                                     25      249      672     1413     5066 |      7425
                                     38      180      656     1424    10382 |     12680

                    SUM             546     1007     2106     4014    16760 |     24433

