 <pre>

 Contingency table for Low clouds (octas)
 Selection: Sweden    123 stations
Period: 20220701-20220717
Used {00,06,12,18} + 03 06 ... 48
 Limits    1.0000000000000000        2.0000000000000000        3.0000000000000000        4.0000000000000000        5.0000000000000000        6.0000000000000000        7.0000000000000000     
 Each class is data <= limit, the very last > last limit
 Total number of values       89397
                                              OBSERVATION
                                  23318     2560     1925     1586     1156      885     1038     1656 |     34124
                                   2593      612      470      397      287      258      289      448 |      5354
                                   1918      491      409      304      226      232      260      398 |      4238
              43h22_ref_summer     1632      608      403      347      278      236      252      424 |      4180
                                   1637      586      424      391      275      239      263      445 |      4260
                                   1571      654      552      455      326      311      309      586 |      4764
                                   1779      779      618      598      400      407      473      869 |      5923
                                   4557     3077     2470     2492     1955     2139     2484     7380 |     26554

                    SUM           39005     9367     7271     6570     4903     4707     5368    12206 |     89397
                                              OBSERVATION
                                  30788     4558     3485     2897     2107     1763     2049     3439 |     51086
                                   1063      478      373      331      244      233      225      399 |      3346
                                    706      357      264      209      172      145      167      309 |      2329
            43h22_extra_summer      587      322      255      203      166      126      144      223 |      2026
                                    605      298      225      221      160      137      144      231 |      2021
                                    622      331      236      231      179      147      185      302 |      2233
                                    852      416      308      280      224      243      251      479 |      3053
                                   3782     2607     2125     2198     1651     1913     2203     6824 |     23303

                    SUM           39005     9367     7271     6570     4903     4707     5368    12206 |     89397

