 <pre>

 Contingency table for Low clouds (octas)
 Selection: Denmark     17 stations
Period: 20220701-20220717
Used {00,06,12,18} + 03 06 ... 48
 Limits    1.0000000000000000        2.0000000000000000        3.0000000000000000        4.0000000000000000        5.0000000000000000        6.0000000000000000        7.0000000000000000     
 Each class is data <= limit, the very last > last limit
 Total number of values       16768
                                              OBSERVATION
                                   6286      195      486      127      226       60      208       95 |      7683
                                    532       45      125       20       68       18       65       11 |       884
                                    417       55       97       14       50       15       58       18 |       724
              43h22_ref_summer      354       40      114       23       47       15       61       17 |       671
                                    380       54      143       24       70       21       87       19 |       798
                                    388       58      173       34       94       31       92       22 |       892
                                    502       69      222       59      119       48      141       60 |      1220
                                   1078      161      936      110      510      134      526      441 |      3896

                    SUM            9937      677     2296      411     1184      342     1238      683 |     16768
                                              OBSERVATION
                                   7790      318      857      191      425      103      429      153 |     10266
                                    273       44      135       19       55       15       47       12 |       600
                                    179       24       75       21       41       20       37       22 |       419
            43h22_extra_summer      187       39      100       15       40       22       48       16 |       467
                                    158       38       80       12       36       15       51        8 |       398
                                    169       29       92       26       40       19       65       22 |       462
                                    267       34      107       25       81       27       78       39 |       658
                                    914      151      850      102      466      121      483      411 |      3498

                    SUM            9937      677     2296      411     1184      342     1238      683 |     16768

