 <pre>

 Contingency table for Visibility (m)
 Selection: Denmark     21 stations
Period: 20220701-20220717
Used {00,06,12,18} + 03 06 ... 48
 Limits    1000.0000000000000        5000.0000000000000        10000.000000000000        20000.000000000000     
 Each class is data <= limit, the very last > last limit
 Total number of values       19955
                                     OBSERVATION
                                      5        1        6        8        0 |        20
                                     32      103      174      268      237 |       814
              43h22_ref_summer        3       41      149      514      906 |      1613
                                      2       44      133     1027     4680 |      5886
                                      6       47      344     1832     9393 |     11622

                    SUM              48      236      806     3649    15216 |     19955
                                     OBSERVATION
                                      3        1        4       10        0 |        18
                                     32       97      187      280      239 |       835
            43h22_extra_summer        5       44      140      503      946 |      1638
                                      3       41      147     1034     4549 |      5774
                                      5       53      328     1822     9482 |     11690

                    SUM              48      236      806     3649    15216 |     19955

