 <pre>

 Contingency table for Rh2m (%)
 Selection: Norway    216 stations
Period: 20220701-20220717
Used {00,06,12,18} + 03 06 ... 48
 Limits    30.000000000000000        50.000000000000000        65.000000000000000        75.000000000000000        85.000000000000000        95.000000000000000        100.00000000000000     
 Each class is data <= limit, the very last > last limit
 Total number of values      217094
                                              OBSERVATION
                                     69      247        2        0        0        0        0        0 |       318
                                    258    10288     2668      276       96       14        2        0 |     13602
                                     35     6468    14302     4368     1791      519       60        0 |     27543
              43h22_ref_summer       16      943     9011    11372     8015     2775      345        0 |     32477
                                      0      264     3852    11517    20480    13083     1968        0 |     51164
                                      1      119     1470     5140    16760    28707     9047        0 |     61244
                                      0       12      216      684     3931    13455    11355        0 |     29653
                                      0        0        3       19      123      269      679        0 |      1093

                    SUM             379    18341    31524    33376    51196    58822    23456        0 |    217094
                                              OBSERVATION
                                     71      205        4        0        0        0        0        0 |       280
                                    253    10522     2806      304      117       12        0        0 |     14014
                                     39     6312    14886     4817     1948      556       60        0 |     28618
            43h22_extra_summer       11      853     8875    11865     8661     3032      362        0 |     33659
                                      5      283     3413    11054    20552    13383     2056        0 |     50746
                                      0      152     1326     4690    16218    28850     9060        0 |     60296
                                      0       14      212      627     3587    12740    11267        0 |     28447
                                      0        0        2       19      113      249      651        0 |      1034

                    SUM             379    18341    31524    33376    51196    58822    23456        0 |    217094

