 <pre>

 Contingency table for Rh2m (%)
 Selection: Finland    129 stations
Period: 20220701-20220717
Used {00,06,12,18} + 03 06 ... 48
 Limits    30.000000000000000        50.000000000000000        65.000000000000000        75.000000000000000        85.000000000000000        95.000000000000000        100.00000000000000     
 Each class is data <= limit, the very last > last limit
 Total number of values      132755
                                              OBSERVATION
                                     39      235       18        2        1        0        0        0 |       295
                                     98     4535     2640      420      172      119       24        0 |      8008
                                     10     2931    12230     6511     2562     1149      328        0 |     25721
              43h22_ref_summer        0      556     5542    10116     7619     3209      896        0 |     27938
                                      2      244     2115     5962    11362     8200     2394        0 |     30279
                                      0      113     1022     2211     6042    11429     6753        0 |     27570
                                      0       12      198      482      981     4189     6788        0 |     12650
                                      0        0        0        3        6       33      252        0 |       294

                    SUM             149     8626    23765    25707    28745    28328    17435        0 |    132755
                                              OBSERVATION
                                     43      237       20        3        0        0        0        0 |       303
                                     97     4821     3065      490      209      116       24        0 |      8822
                                      7     2796    12614     6842     2514     1202      326        0 |     26301
            43h22_extra_summer        1      471     5186    10532     8076     3238      993        0 |     28497
                                      0      201     1845     5479    11571     8553     2390        0 |     30039
                                      1       86      867     1955     5569    11643     6930        0 |     27051
                                      0       14      168      405      798     3553     6595        0 |     11533
                                      0        0        0        1        8       23      177        0 |       209

                    SUM             149     8626    23765    25707    28745    28328    17435        0 |    132755

