 <pre>

 Contingency table for 3h Precipitation (mm/3h)
 Selection: ALL    231 stations
Period: 20220701-20220717
Used {00,06,12,18} + 03 06 ... 48
 Limits   0.10000000000000001       0.20000000000000001       0.50000000000000000        1.0000000000000000        2.0000000000000000        5.0000000000000000        10.000000000000000        15.000000000000000        20.000000000000000     
 Each class is data <= limit, the very last > last limit
 Total number of values      191964
                                                       OBSERVATION
                                 139825     2469     3283     3251     1668     1474      461      104       17       10 |    152562
                                   4657      325      492      571      328      275       95        9        6        2 |      6760
                                   5399      476      813      892      540      541      170       25       14        2 |      8872
                                   3686      389      729      849      589      621      153       36        6        2 |      7060
              43h22_ref_summer     2944      346      683      942      761      867      263       40       18        3 |      6867
                                   2304      253      557      931      843     1199      449       73       17        5 |      6631
                                    727       71      201      257      262      438      257       70       15        6 |      2304
                                    154       15       40       65       52      113       88       48        9        2 |       586
                                     53        5       13       19       17       25       35       16        2        7 |       192
                                     26        2       15       13       10       16       25        9        4       10 |       130

                    SUM          159775     4351     6826     7790     5070     5569     1996      430      108       49 |    191964
                                                       OBSERVATION
                                 138949     2470     3227     3207     1571     1398      429       99       23        7 |    151380
                                   4840      333      534      566      345      284       97       14        6        3 |      7022
                                   5610      463      794      954      546      532      161       26        8        1 |      9095
                                   3763      366      703      855      586      575      151       30       13        2 |      7044
            43h22_extra_summer     3060      309      698      933      767      832      248       30        5        7 |      6889
                                   2547      310      613      911      864     1261      442       84       20        8 |      7060
                                    742       74      192      273      308      514      322       80       14        3 |      2522
                                    188       18       42       60       54      123       82       39        5        7 |       618
                                     50        6       15       19       17       33       31       14        7        6 |       198
                                     26        2        8       12       12       17       33       14        7        5 |       136

                    SUM          159775     4351     6826     7790     5070     5569     1996      430      108       49 |    191964

