 <pre>

 Contingency table for Cloud base (m)
 Selection: ALL    615 stations
Period: 20220701-20220731
Used {00,06,12,18} + 03 06 ... 48
 Limits    70.000000000000000        150.00000000000000        300.00000000000000        600.00000000000000        1000.0000000000000        1500.0000000000000        2500.0000000000000        5000.0000000000000     
 Each class is data <= limit, the very last > last limit
 Total number of values      569102
                                                       OBSERVATION
                                    846      954      942      417      262       68       59      128        5 |      3681
                                    527     1300     1879     1050      488      137      100      148       20 |      5649
                                    712     2626     6393     4321     2007      569      424      409       99 |     17560
                                    694     2233     9756    15388     7841     2406     1873     1165      213 |     41569
              43h22_ref_summer      448     1059     5051    13830    24493     9912     5320     2770     1023 |     63906
                                    367      706     3131     8029    20806    26051    14694     5703     1442 |     80929
                                    421      717     2636     7693    17493    16388    27774    15010     2348 |     90480
                                    361      586     1834     5179     9917     6293    10858    22622     2036 |     59686
                                   1742     1515     4553    14937    42367    31607    32523    44952    31446 |    205642

                    SUM            6118    11696    36175    70844   125674    93431    93625    92907    38632 |    569102
                                                       OBSERVATION
                                    792      863      794      348      185       50       52      128        6 |      3218
                                    532     1194     1638      864      421      104       64      119        9 |      4945
                                    656     2403     5516     3517     1556      434      311      284       78 |     14755
                                    624     2122     8422    11696     5317     1560     1105      792      154 |     31792
            43h22_extra_summer      414     1032     4974    12155    16517     5567     3136     1669      557 |     46021
                                    299      697     3381     8178    19406    20666    10007     3649      834 |     67117
                                    369      740     2880     7669    16164    16653    24052    11058     1730 |     81315
                                    282      612     2039     5087     9005     5734    10017    16554     1267 |     50597
                                   2150     2033     6531    21330    57103    42663    44881    58654    33997 |    269342

                    SUM            6118    11696    36175    70844   125674    93431    93625    92907    38632 |    569102

