 <pre>

 Contingency table for Rh2m (%)
 Selection: ALL   1011 stations
Period: 20220701-20220710
Used {00,06,12,18} + 03 06 ... 48
 Limits    30.000000000000000        50.000000000000000        65.000000000000000        75.000000000000000        85.000000000000000        95.000000000000000        100.00000000000000     
 Each class is data <= limit, the very last > last limit
 Total number of values      590993
                                              OBSERVATION
                                    483     1575       83       16        3        1        0        0 |      2161
                                    645    32208    13961     2193      840      424       91        0 |     50362
                                     75    17581    60664    25728     9900     4450      970        0 |    119368
              43h22_ref_summer       13     2468    26884    42832    32055    12883     2599        0 |    119734
                                      4      930     9364    25802    48870    34692     7775        0 |    127437
                                      0      418     3640     9552    29483    54914    23574        0 |    121581
                                      0       48      502     1506     5894    19107    21921        0 |     48978
                                      0        0        3       17      140      330      882        0 |      1372

                    SUM            1220    55228   115101   107646   127185   126801    57812        0 |    590993
                                              OBSERVATION
                                    437     1343       81       15        6        1        0        0 |      1883
                                    692    33165    14820     2214      883      399       79        0 |     52252
                                     67    17081    61900    26193     9673     4327      957        0 |    120198
            43h22_extra_summer       12     2264    25964    43953    32516    12659     2518        0 |    119886
                                      5      871     8407    25128    49855    34857     7592        0 |    126715
                                      6      442     3450     8772    28764    55780    24027        0 |    121241
                                      1       62      474     1358     5387    18497    21838        0 |     47617
                                      0        0        5       13      101      281      801        0 |      1201

                    SUM            1220    55228   115101   107646   127185   126801    57812        0 |    590993

