 <pre>

 Contingency table for 3h Precipitation (mm/3h)
 Selection: METCOOP    139 stations
Period: 20220701-20220731
Used {00,06,12,18} + 03 06 ... 48
 Limits   0.10000000000000001       0.20000000000000001       0.50000000000000000        1.0000000000000000        2.0000000000000000        5.0000000000000000        10.000000000000000        15.000000000000000        20.000000000000000     
 Each class is data <= limit, the very last > last limit
 Total number of values      268077
                                                       OBSERVATION
                                 205418     2500     3751     3168     1684     1585      559      101       26       11 |    218803
                                   6419      391      661      630      422      366      133       24        6        3 |      9055
                                   7211      538     1062     1046      629      689      248       34       16        2 |     11475
                                   4551      440      915      960      709      762      242       50       14        2 |      8645
              43h22_ref_summer     3462      407      794     1040      921     1001      375       49       19        6 |      8074
                                   2566      324      702     1061     1175     1555      624      104       32       12 |      8155
                                    725       68      222      294      330      662      363      109       36       13 |      2822
                                    139       15       37       74       68      161      111       45       26        4 |       680
                                     46        3       10       21       17       32       46       24       10       10 |       219
                                     29        2       10       21       10       16       24       11       16       10 |       149

                    SUM          230566     4688     8164     8315     5965     6829     2725      551      201       73 |    268077
                                                       OBSERVATION
                                 204389     2518     3699     3077     1631     1493      491       87       30        7 |    217422
                                   6635      371      687      662      380      378      140       20       13        5 |      9291
                                   7476      515     1014     1035      635      661      260       35       15        2 |     11648
                                   4597      433      892      956      694      699      228       49       18        3 |      8569
            43h22_extra_summer     3606      374      834     1085      934     1030      343       53       12       12 |      8283
                                   2800      357      728     1050     1191     1598      637      113       32       10 |      8516
                                    808       91      247      347      395      741      443      105       32        7 |      3216
                                    186       21       46       62       72      166      114       57       18       12 |       754
                                     45        7        8       27       25       42       39       18       20        7 |       238
                                     24        1        9       14        8       21       30       14       11        8 |       140

                    SUM          230566     4688     8164     8315     5965     6829     2725      551      201       73 |    268077

