 <pre>

 Contingency table for Cloud cover (octas)
 Selection: METCOOP    213 stations
Period: 20220701-20220731
Used {00,06,12,18} + 03 06 ... 48
 Limits   0.50000000000000000        1.5000000000000000        2.5000000000000000        3.5000000000000000        4.5000000000000000        5.5000000000000000        6.5000000000000000        7.5000000000000000     
 Each class is data <= limit, the very last > last limit
 Total number of values      325134
                                                       OBSERVATION
                                  15357     4314     2179     1929     1357     1385     1196     1846     2021 |     31584
                                   4389     2085     1199     1307     1004     1076      924     1983     1973 |     15940
                                   2637     1391      814      913      741      877      772     1737     1791 |     11673
                                   2218     1259      666      834      643      867      764     1746     1660 |     10657
              43h22_ref_summer     2076     1265      716      962      678      922      791     1960     1845 |     11215
                                   2042     1358      769      991      823     1151      942     2471     2233 |     12780
                                   2534     1678      897     1288     1004     1433     1260     3166     3099 |     16359
                                   3726     2513     1311     1878     1513     2330     2039     5705     5538 |     26553
                                   9876    10046     5046     8379     6438    12316    11661    48898    75713 |    188373

                    SUM           44855    25909    13597    18481    14201    22357    20349    69512    95873 |    325134
                                                       OBSERVATION
                                  22011     8180     4267     4524     3389     3844     3345     7357     7677 |     64594
                                   2844     1831      996     1272     1080     1355     1168     3069     2971 |     16586
                                   1763     1123      668      843      665      926      791     2032     2050 |     10861
                                   1398      953      515      659      537      801      666     1732     1702 |      8963
            43h22_extra_summer     1409      890      525      677      505      798      715     1753     1712 |      8984
                                   1422      918      541      738      570      848      718     2009     1887 |      9651
                                   2017     1143      613      877      663     1023      909     2664     2516 |     12425
                                   3207     1900     1013     1384     1025     1738     1519     4575     4478 |     20839
                                   8784     8971     4459     7507     5767    11024    10518    44321    70880 |    172231

                    SUM           44855    25909    13597    18481    14201    22357    20349    69512    95873 |    325134

