 <pre>

 Contingency table for Visibility (m)
 Selection: Norway     38 stations
Period: 20220701-20220710
Used {00,06,12,18} + 03 06 ... 48
 Limits    1000.0000000000000        5000.0000000000000        10000.000000000000        20000.000000000000     
 Each class is data <= limit, the very last > last limit
 Total number of values       14130
                                     OBSERVATION
                                    149       54       56       60       33 |       352
                                    114      137      206      245      250 |       952
              43h22_ref_summer       13      104      149      343      482 |      1091
                                     22      188      406      804     3058 |      4478
                                     16      125      417      751     5948 |      7257

                    SUM             314      608     1234     2203     9771 |     14130
                                     OBSERVATION
                                    140       57       59       63       30 |       349
                                    125      128      195      234      253 |       935
            43h22_extra_summer       19       99      167      335      473 |      1093
                                     16      191      389      794     2941 |      4331
                                     14      133      424      777     6074 |      7422

                    SUM             314      608     1234     2203     9771 |     14130

