 <pre>

 Contingency table for Low clouds (octas)
 Selection: Estonia     18 stations
Period: 20220701-20220731
Used {00,06,12,18} + 03 06 ... 48
 Limits    1.0000000000000000        2.0000000000000000        3.0000000000000000        4.0000000000000000        5.0000000000000000        6.0000000000000000        7.0000000000000000     
 Each class is data <= limit, the very last > last limit
 Total number of values       28283
                                              OBSERVATION
                                  11510      507      419      449      291      340      700      360 |     14576
                                    911      102      103       92       85       84      238      107 |      1722
                                    637       84       79       89       62       84      154       91 |      1280
              43h22_ref_summer      533       89       96       77       69       62      173       98 |      1197
                                    480       78       79       86       78       73      167       87 |      1128
                                    428       89       71      103       44       83      216      106 |      1140
                                    569       85      100      125      109      120      332      193 |      1633
                                   1268      248      229      344      348      360     1588     1222 |      5607

                    SUM           16336     1282     1176     1365     1086     1206     3568     2264 |     28283
                                              OBSERVATION
                                  14006      837      740      788      573      605     1474      784 |     19807
                                    305       57       61       61       53       70      165       87 |       859
                                    216       30       25       46       33       43       97       59 |       549
            43h22_extra_summer      152       33       35       40       28       41      110       52 |       491
                                    156       25       31       42       33       27       76       36 |       426
                                    199       43       42       48       29       36      102       64 |       563
                                    281       57       46       74       54       63      165      119 |       859
                                   1021      200      196      266      283      321     1379     1063 |      4729

                    SUM           16336     1282     1176     1365     1086     1206     3568     2264 |     28283

