 <pre>

 Contingency table for Rh2m (%)
 Selection: Sweden    171 stations
Period: 20220701-20220731
Used {00,06,12,18} + 03 06 ... 48
 Limits    30.000000000000000        50.000000000000000        65.000000000000000        75.000000000000000        85.000000000000000        95.000000000000000        100.00000000000000     
 Each class is data <= limit, the very last > last limit
 Total number of values      327328
                                              OBSERVATION
                                    577      734       18        0        0        0        0        0 |      1329
                                    813    18959     7814     1054      292      130       24        0 |     29086
                                    123    13482    34144    13286     5044     1955      314        0 |     68348
              43h22_ref_summer       11     2030    17388    23082    14821     5941     1299        0 |     64572
                                      0      491     5941    16165    23417    15029     4198        0 |     65241
                                      1      205     2163     6423    17762    25411    12613        0 |     64578
                                      0       28      333     1279     5513    12162    13097        0 |     32412
                                      0        0        2       13      138      498     1111        0 |      1762

                    SUM            1525    35929    67803    61302    66987    61126    32656        0 |    327328
                                              OBSERVATION
                                    493      444        7        0        0        0        0        0 |       944
                                    901    19928     8160     1020      252      106       18        0 |     30385
                                    112    13091    35710    13875     5110     1898      280        0 |     70076
            43h22_extra_summer       12     1791    16412    23868    15256     5974     1281        0 |     64594
                                      3      459     5195    15545    23974    15604     4200        0 |     64980
                                      4      192     2010     5884    17322    25599    12970        0 |     63981
                                      0       24      306     1095     4958    11546    12988        0 |     30917
                                      0        0        3       15      115      399      919        0 |      1451

                    SUM            1525    35929    67803    61302    66987    61126    32656        0 |    327328

