 <pre>

 Contingency table for Low clouds (octas)
 Selection: Sweden    123 stations
Period: 20220701-20220731
Used {00,06,12,18} + 03 06 ... 48
 Limits    1.0000000000000000        2.0000000000000000        3.0000000000000000        4.0000000000000000        5.0000000000000000        6.0000000000000000        7.0000000000000000     
 Each class is data <= limit, the very last > last limit
 Total number of values      161642
                                              OBSERVATION
                                  44866     4337     3054     2738     2067     1667     2060     4433 |     65222
                                   4326      995      748      686      470      504      560     1123 |      9412
                                   3065      796      639      524      397      423      494      908 |      7246
              43h22_ref_summer     2577      915      614      578      450      407      477      910 |      6928
                                   2532      910      632      592      441      443      523      972 |      7045
                                   2437     1043      827      740      509      535      624     1259 |      7974
                                   2762     1263      961      966      708      783      912     1875 |     10230
                                   7024     5194     4229     4402     3414     3882     4820    14620 |     47585

                    SUM           69589    15453    11704    11226     8456     8644    10470    26100 |    161642
                                              OBSERVATION
                                  56746     7596     5474     4935     3705     3343     3995     8283 |     94077
                                   1616      709      553      516      378      387      416      821 |      5396
                                   1066      531      379      354      259      266      319      607 |      3781
            43h22_extra_summer      877      481      386      312      250      242      281      486 |      3315
                                    898      466      345      329      216      231      264      508 |      3257
                                    977      511      361      363      273      272      360      637 |      3754
                                   1363      660      494      513      395      444      484     1046 |      5399
                                   6046     4499     3712     3904     2980     3459     4351    13712 |     42663

                    SUM           69589    15453    11704    11226     8456     8644    10470    26100 |    161642

