 <pre>

 Contingency table for Visibility (m)
 Selection: Finland     69 stations
Period: 20220701-20220717
Used {00,06,12,18} + 03 06 ... 48
 Limits    1000.0000000000000        5000.0000000000000        10000.000000000000        20000.000000000000     
 Each class is data <= limit, the very last > last limit
 Total number of values       71275
                                     OBSERVATION
                                     21        9       28       69       40 |       167
                                    200      332      595     2227     3262 |      6616
              43h22_ref_summer       50      107      197     1029     3500 |      4883
                                     85      192      338     2860    12567 |     16042
                                     58      163      399     7674    35273 |     43567

                    SUM             414      803     1557    13859    54642 |     71275
                                     OBSERVATION
                                     18        6       20       49       30 |       123
                                    178      306      556     2003     2927 |      5970
            43h22_extra_summer       60      110      213     1033     3301 |      4717
                                     98      196      360     2889    12257 |     15800
                                     60      185      408     7885    36127 |     44665

                    SUM             414      803     1557    13859    54642 |     71275

