 <pre>

 Contingency table for Low clouds (octas)
 Selection: METCOOP    229 stations
Period: 20220701-20220717
Used {00,06,12,18} + 03 06 ... 48
 Limits    1.0000000000000000        2.0000000000000000        3.0000000000000000        4.0000000000000000        5.0000000000000000        6.0000000000000000        7.0000000000000000     
 Each class is data <= limit, the very last > last limit
 Total number of values      174566
                                              OBSERVATION
                                  49004     4262     3541     2557     2300     1528     2633     2514 |     68339
                                   5481      891      879      623      631      452      809      784 |     10550
                                   4029      686      731      506      497      402      702      697 |      8250
              43h22_ref_summer     3453      826      720      528      578      406      762      702 |      7975
                                   3347      790      761      617      598      426      814      765 |      8118
                                   3303      889      914      653      663      516     1011      958 |      8907
                                   3861     1040     1112      871      919      736     1499     1389 |     11427
                                  10281     4054     4048     3510     4123     4062     8295    12627 |     51000

                    SUM           82759    13438    12706     9865    10309     8528    16525    20436 |    174566
                                              OBSERVATION
                                  65057     7080     6419     4620     4460     3120     5830     5654 |    102240
                                   2145      639      603      518      494      376      692      664 |      6131
                                   1415      463      433      297      348      280      502      492 |      4230
            43h22_extra_summer     1214      426      417      326      335      219      441      395 |      3773
                                   1216      383      377      304      323      242      437      378 |      3660
                                   1311      417      405      326      359      265      537      488 |      4108
                                   1914      559      548      418      488      423      813      793 |      5956
                                   8487     3471     3504     3056     3502     3603     7273    11572 |     44468

                    SUM           82759    13438    12706     9865    10309     8528    16525    20436 |    174566

