 <pre>

 Contingency table for Cloud cover (octas)
 Selection: ALL    609 stations
Period: 20220701-20220710
Used {00,06,12,18} + 03 06 ... 48
 Limits   0.50000000000000000        1.5000000000000000        2.5000000000000000        3.5000000000000000        4.5000000000000000        5.5000000000000000        6.5000000000000000        7.5000000000000000     
 Each class is data <= limit, the very last > last limit
 Total number of values      317084
                                                       OBSERVATION
                                  19140     5272     5028     3174     1709     2554     2873     2025     2707 |     44482
                                   4990     2240     2100     1847     1201     1785     2138     2059     2388 |     20748
                                   2597     1393     1330     1255      868     1313     1689     1692     2166 |     14303
                                   2069     1169     1079     1142      746     1219     1574     1662     2034 |     12694
              43h22_ref_summer     2014     1146     1072     1131      765     1320     1734     1853     2293 |     13328
                                   1904     1165     1189     1303      948     1486     2000     2312     2782 |     15089
                                   2115     1403     1324     1413     1044     1823     2682     3060     3749 |     18613
                                   2983     2033     1811     2143     1634     2716     4041     5106     6472 |     28939
                                   7740     6592     5100     6651     5248     9800    15614    34043    58100 |    148888

                    SUM           45552    22413    20033    20059    14163    24016    34345    53812    82691 |    317084
                                                       OBSERVATION
                                  27585     9478     8645     6603     4129     6117     7142     7151     8813 |     85663
                                   2546     1625     1521     1619     1175     1850     2345     2740     3269 |     18690
                                   1445      987      928      989      698     1088     1517     1841     2296 |     11789
                                   1204      751      722      784      570      953     1354     1508     1887 |      9733
            43h22_extra_summer     1115      692      671      817      575      978     1427     1594     1879 |      9748
                                   1108      709      735      789      579     1075     1449     1815     2071 |     10330
                                   1456      906      884     1019      710     1256     1837     2341     2914 |     13323
                                   2266     1405     1336     1473     1062     1876     2995     3763     4972 |     21148
                                   6827     5860     4591     5966     4665     8823    14279    31059    54590 |    136660

                    SUM           45552    22413    20033    20059    14163    24016    34345    53812    82691 |    317084

