 <pre>

 Contingency table for Cloud cover (octas)
 Selection: Finland     69 stations
Period: 20220701-20220710
Used {00,06,12,18} + 03 06 ... 48
 Limits   0.50000000000000000        1.5000000000000000        2.5000000000000000        3.5000000000000000        4.5000000000000000        5.5000000000000000        6.5000000000000000        7.5000000000000000     
 Each class is data <= limit, the very last > last limit
 Total number of values       40691
                                                       OBSERVATION
                                   4664      596      282      304      168      173       92      312       90 |      6681
                                   1242      382      138      193      108      117       85      335       88 |      2688
                                    762      240       94      138       77      103       68      284       76 |      1842
                                    633      254       84      125       69      104       65      280       80 |      1694
              43h22_ref_summer      570      250       85      137       69      119       78      354       75 |      1737
                                    522      258       99      149       76      174       99      445       97 |      1919
                                    565      330      117      200      106      198      112      557      134 |      2319
                                    858      489      178      320      196      298      190      981      229 |      3739
                                   2335     1771      569     1162      649     1528      808     6461     2789 |     18072

                    SUM           12151     4570     1646     2728     1518     2814     1597    10009     3658 |     40691
                                                       OBSERVATION
                                   6753     1360      513      716      382      483      266     1238      339 |     12050
                                    765      335      133      174      104      145       95      516      131 |      2398
                                    458      226       63      115       78      102       73      336      109 |      1560
                                    344      182       66       91       62      115       56      273       79 |      1268
            43h22_extra_summer      366      173       77      114       70      115       77      301       69 |      1362
                                    326      162       69      102       61      132       72      332       86 |      1342
                                    430      204       90      153       75      149       82      449      126 |      1758
                                    680      358      140      216      117      210      126      725      209 |      2781
                                   2029     1570      495     1047      569     1363      750     5839     2510 |     16172

                    SUM           12151     4570     1646     2728     1518     2814     1597    10009     3658 |     40691

