 <pre>

 Contingency table for Rh2m (%)
 Selection: METCOOP    515 stations
Period: 20220701-20220717
Used {00,06,12,18} + 03 06 ... 48
 Limits    30.000000000000000        50.000000000000000        65.000000000000000        75.000000000000000        85.000000000000000        95.000000000000000        100.00000000000000     
 Each class is data <= limit, the very last > last limit
 Total number of values      525495
                                              OBSERVATION
                                    190      652       20        2        1        0        0        0 |       865
                                    798    24343     9599     1324      456      239       46        0 |     36805
                                    135    17031    45937    18237     7113     2641      519        0 |     91613
              43h22_ref_summer       23     2594    24184    34384    23662     8994     1724        0 |     95565
                                      2      815     9257    26542    44342    29105     6344        0 |    116407
                                      1      388     3876    11211    32741    53432    21555        0 |    123204
                                      0       49      627     1942     7897    24393    24250        0 |     59158
                                      0        0        5       28      197      466     1182        0 |      1878

                    SUM            1149    45872    93505    93670   116409   119270    55620        0 |    525495
                                              OBSERVATION
                                    182      553       24        3        0        0        0        0 |       762
                                    804    25549    10605     1406      494      201       31        0 |     39090
                                    135    16268    47528    19311     7152     2729      491        0 |     93614
            43h22_extra_summer       18     2287    23171    35815    25050     9369     1871        0 |     97581
                                      7      774     8114    25195    45100    30007     6443        0 |    115640
                                      3      391     3491    10215    31368    53932    21946        0 |    121346
                                      0       50      567     1699     7068    22618    23789        0 |     55791
                                      0        0        5       26      177      414     1049        0 |      1671

                    SUM            1149    45872    93505    93670   116409   119270    55620        0 |    525495

