 <pre>

 Contingency table for Cloud cover (octas)
 Selection: Sweden    106 stations
Period: 20220701-20220731
Used {00,06,12,18} + 03 06 ... 48
 Limits   0.50000000000000000        1.5000000000000000        2.5000000000000000        3.5000000000000000        4.5000000000000000        5.5000000000000000        6.5000000000000000        7.5000000000000000     
 Each class is data <= limit, the very last > last limit
 Total number of values      149001
                                                       OBSERVATION
                                   4132     2236     1213      939      760      732      724      867     1537 |     13140
                                    908     1116      721      710      605      603      537      810     1469 |      7479
                                    503      789      499      463      449      464      447      685     1304 |      5603
                                    408      644      412      430      392      429      445      689     1140 |      4989
              43h22_ref_summer      428      635      441      526      414      494      472      745     1322 |      5477
                                    391      701      489      539      527      577      535      938     1607 |      6304
                                    464      837      563      656      624      738      715     1124     2115 |      7836
                                    579     1238      792      973      877     1130     1125     1988     3751 |     12453
                                   1740     5081     3238     4378     3957     6099     6109    13166    41952 |     85720

                    SUM            9553    13277     8368     9614     8605    11266    11109    21012    56197 |    149001
                                                       OBSERVATION
                                   5425     4254     2471     2266     1984     2040     1990     2902     5508 |     28840
                                    570      944      585      678      650      749      675     1111     1978 |      7940
                                    336      594      451      458      402      489      430      722     1407 |      5289
                                    255      497      332      367      334      382      389      628     1117 |      4301
            43h22_extra_summer      242      437      318      360      311      393      395      582     1190 |      4228
                                    292      436      348      393      347      423      415      722     1264 |      4640
                                    339      579      370      442      394      463      504      905     1637 |      5633
                                    452      907      587      710      583      798      831     1481     2991 |      9340
                                   1642     4629     2906     3940     3600     5529     5480    11959    39105 |     78790

                    SUM            9553    13277     8368     9614     8605    11266    11109    21012    56197 |    149001

