 <pre>

 Contingency table for Rh2m (%)
 Selection: METCOOP    512 stations
Period: 20220701-20220710
Used {00,06,12,18} + 03 06 ... 48
 Limits    30.000000000000000        50.000000000000000        65.000000000000000        75.000000000000000        85.000000000000000        95.000000000000000        100.00000000000000     
 Each class is data <= limit, the very last > last limit
 Total number of values      300024
                                              OBSERVATION
                                     67      381       20        2        1        0        0        0 |       471
                                    263    14004     5620      834      261      138       22        0 |     21142
                                     35     9949    28176    11130     4353     1787      360        0 |     55790
              43h22_ref_summer        6     1496    14254    19680    14464     5641     1082        0 |     56623
                                      2      531     5489    14685    25859    16866     3576        0 |     67008
                                      0      253     2382     6221    18318    28973    11410        0 |     67557
                                      0       32      358     1050     4249    12570    12240        0 |     30499
                                      0        0        3       16      113      239      563        0 |       934

                    SUM             373    26646    56302    53618    67618    66214    29253        0 |    300024
                                              OBSERVATION
                                     66      357       24        3        0        0        0        0 |       450
                                    261    14666     6235      870      306      129       21        0 |     22488
                                     33     9510    28889    11612     4340     1846      354        0 |     56584
            43h22_extra_summer        9     1306    13678    20483    15080     5716     1154        0 |     57426
                                      1      506     4936    14005    26314    17168     3532        0 |     66462
                                      3      264     2197     5692    17658    29296    11643        0 |     66753
                                      0       37      339      941     3829    11856    12041        0 |     29043
                                      0        0        4       12       91      203      508        0 |       818

                    SUM             373    26646    56302    53618    67618    66214    29253        0 |    300024

