 <pre>

 Contingency table for Cloud cover (octas)
 Selection: Estonia     19 stations
Period: 20220701-20220731
Used {00,06,12,18} + 03 06 ... 48
 Limits   0.50000000000000000        1.5000000000000000        2.5000000000000000        3.5000000000000000        4.5000000000000000        5.5000000000000000        6.5000000000000000        7.5000000000000000     
 Each class is data <= limit, the very last > last limit
 Total number of values       34360
                                                       OBSERVATION
                                   4216      684      249      138      119       96      107      269       54 |      5932
                                   1040      312      138      105      114       74       85      251       86 |      2205
                                    636      174       67       87       69       49       50      276       65 |      1473
                                    461      179       65       67       40       52       60      226       62 |      1212
              43h22_ref_summer      381      148       67       78       69       55       78      253       76 |      1205
                                    443      202       91       94       62       66       83      307       87 |      1435
                                    479      202       81       77       93       78      111      445      130 |      1696
                                    641      309      122      114      146      116      201      809      246 |      2704
                                   1913     1108      512      591      739      751     1169     6761     2954 |     16498

                    SUM           10210     3318     1392     1351     1451     1337     1944     9597     3760 |     34360
                                                       OBSERVATION
                                   5880     1185      467      332      311      254      313      948      287 |      9977
                                    573      239      111      108       97       71      113      398      128 |      1838
                                    317      161       59       72       56       40       62      291       92 |      1150
                                    271      116       44       56       56       39       71      236       60 |       949
            43h22_extra_summer      240      116       38       53       65       32       61      271       72 |       948
                                    292      121       43       50       45       42       70      261       71 |       995
                                    367      160       54       67       69       49       80      374      106 |      1326
                                    557      234       88       98      104      100      144      667      219 |      2211
                                   1713      986      488      515      648      710     1030     6151     2725 |     14966

                    SUM           10210     3318     1392     1351     1451     1337     1944     9597     3760 |     34360

