 <pre>

 Contingency table for Cloud cover (octas)
 Selection: Finland     69 stations
Period: 20220701-20220731
Used {00,06,12,18} + 03 06 ... 48
 Limits   0.50000000000000000        1.5000000000000000        2.5000000000000000        3.5000000000000000        4.5000000000000000        5.5000000000000000        6.5000000000000000        7.5000000000000000     
 Each class is data <= limit, the very last > last limit
 Total number of values      132115
                                                       OBSERVATION
                                  10213     1099      433      485      288      371      178      675      295 |     14037
                                   3230      775      279      409      192      299      188      890      321 |      6583
                                   1981      501      181      322      172      280      148      809      320 |      4714
                                   1691      525      169      305      141      276      162      814      335 |      4418
              43h22_ref_summer     1550      560      180      326      144      305      144      951      346 |      4506
                                   1553      577      205      362      176      425      211     1252      431 |      5192
                                   1956      759      241      505      257      521      273     1653      694 |      6859
                                   2980     1166      396      749      432      909      505     3020     1261 |     11418
                                   7608     4631     1452     3490     1749     4997     2697    28568    19196 |     74388

                    SUM           32762    10593     3536     6953     3551     8383     4506    38632    23199 |    132115
                                                       OBSERVATION
                                  15257     2719      984     1445      768     1189      630     3395     1437 |     27824
                                   2130      745      260      451      233      405      246     1535      646 |      6651
                                   1328      469      145      302      157      294      179     1014      421 |      4309
                                   1065      400      132      223      133      321      129      875      390 |      3668
            43h22_extra_summer     1094      400      155      265      125      301      159      927      348 |      3774
                                   1057      426      140      284      139      338      162     1009      426 |      3981
                                   1586      499      174      345      179      432      216     1436      619 |      5486
                                   2621      901      302      551      312      716      365     2488     1039 |      9295
                                   6624     4034     1244     3087     1505     4387     2420    25953    17873 |     67127

                    SUM           32762    10593     3536     6953     3551     8383     4506    38632    23199 |    132115

