 <pre>

 Contingency table for Cloud base (m)
 Selection: METCOOP    224 stations
Period: 20220701-20220710
Used {00,06,12,18} + 03 06 ... 48
 Limits    70.000000000000000        150.00000000000000        300.00000000000000        600.00000000000000        1000.0000000000000        1500.0000000000000        2500.0000000000000        5000.0000000000000     
 Each class is data <= limit, the very last > last limit
 Total number of values       60626
                                                       OBSERVATION
                                    154      117       99       31       12        4        9        5        0 |       431
                                     68      123      203       83       22        9        9        9        0 |       526
                                     82      205      525      352      124       65       92       36        2 |      1483
                                    106      189     1226     1358      646      279      371      168       13 |      4356
              43h22_ref_summer       69      106      755     1433     1978     1084      945      435       80 |      6885
                                     79      109      537      841     1296     2885     2612     1041      137 |      9537
                                     62      106      408      678      894     1764     4796     2119      294 |     11121
                                     50       34      228      367      412      651     1600     1994      253 |      5589
                                    190      144      771     1813     2277     3015     5768     5053     1667 |     20698

                    SUM             860     1133     4752     6956     7661     9756    16202    10860     2446 |     60626
                                                       OBSERVATION
                                    130      109       83       18        2        4        4        3        0 |       353
                                     66       99      159       60       15        4       13       10        0 |       426
                                     68      201      451      256       83       47       57       20        4 |      1187
                                    104      173     1004      976      405      196      215      124       12 |      3209
            43h22_extra_summer       57       79      728     1253     1370      541      526      277       40 |      4871
                                     64       95      541      796     1281     2187     1684      625       78 |      7351
                                     65      105      428      643      829     1826     4083     1551      217 |      9747
                                     49       55      244      425      431      664     1635     1699      193 |      5395
                                    257      217     1114     2529     3245     4287     7985     6551     1902 |     28087

                    SUM             860     1133     4752     6956     7661     9756    16202    10860     2446 |     60626

