 <pre>

 Contingency table for Cloud cover (octas)
 Selection: Denmark     17 stations
Period: 20220701-20220717
Used {00,06,12,18} + 03 06 ... 48
 Limits   0.50000000000000000        1.5000000000000000        2.5000000000000000        3.5000000000000000        4.5000000000000000        5.5000000000000000        6.5000000000000000        7.5000000000000000     
 Each class is data <= limit, the very last > last limit
 Total number of values       17718
                                                       OBSERVATION
                                   1676      604       73      152       54      125       28      152       41 |      2905
                                    454      313       50      123       41      110       17      128       22 |      1258
                                    243      185       42       72       18       71       25      117       14 |       787
                                    181      186       36       89       29       77       29      120       27 |       774
              43h22_ref_summer      154      139       31       84       28       77       30      121       32 |       696
                                    164      140       36      110       36       92       28      188       25 |       819
                                    144      170       40      111       40      159       47      304       48 |      1063
                                    240      321       62      204       66      235       74      430      103 |      1735
                                    696      996      181      677      200      847      299     2694     1091 |      7681

                    SUM            3952     3054      551     1622      512     1793      577     4254     1403 |     17718
                                                       OBSERVATION
                                   2391     1131      138      352      116      360       77      541      112 |      5218
                                    241      266       59      139       46      134       31      198       43 |      1157
                                    125      128       38      100       25       81       30      160       31 |       718
                                    100       96       23       62       29       66       19      121       30 |       546
            43h22_extra_summer      106      110       24       92       30       72       26      147       20 |       627
                                     81       99       30       81       20       67       41      129       28 |       576
                                    101      122       34       83       27       92       28      210       46 |       743
                                    161      209       33      126       42      157       54      324       63 |      1169
                                    646      893      172      587      177      764      271     2424     1030 |      6964

                    SUM            3952     3054      551     1622      512     1793      577     4254     1403 |     17718

