 <pre>

 Contingency table for Cloud cover (octas)
 Selection: METCOOP    212 stations
Period: 20220701-20220717
Used {00,06,12,18} + 03 06 ... 48
 Limits   0.50000000000000000        1.5000000000000000        2.5000000000000000        3.5000000000000000        4.5000000000000000        5.5000000000000000        6.5000000000000000        7.5000000000000000     
 Each class is data <= limit, the very last > last limit
 Total number of values      177191
                                                       OBSERVATION
                                   8081     2331     1329     1307      845      898      769     1150     1008 |     17718
                                   2252     1218      696      843      624      705      579     1241      961 |      9119
                                   1334      795      486      556      477      562      476     1028      935 |      6649
                                   1088      756      379      517      402      566      467     1045      838 |      6058
              43h22_ref_summer     1037      729      419      598      426      597      489     1191      904 |      6390
                                    950      825      450      643      530      751      600     1484     1128 |      7361
                                   1071     1007      540      774      598      914      781     1916     1577 |      9178
                                   1573     1443      734     1132      896     1391     1220     3416     2779 |     14584
                                   4929     5911     2978     5179     3906     7287     6595    26751    36598 |    100134

                    SUM           22315    15015     8011    11549     8704    13671    11976    39222    46728 |    177191
                                                       OBSERVATION
                                  11777     4769     2577     2968     2138     2494     2120     4485     3885 |     37213
                                   1373     1068      586      787      687      881      737     1864     1552 |      9535
                                    855      706      397      526      431      588      471     1252     1106 |      6332
                                    673      561      316      413      344      517      397     1091      866 |      5178
            43h22_extra_summer      711      536      308      427      335      500      435     1092      891 |      5235
                                    632      509      313      432      346      530      438     1232      967 |      5399
                                    796      633      346      503      393      646      535     1531     1234 |      6617
                                   1229     1061      570      844      567     1027      892     2652     2159 |     11001
                                   4269     5172     2598     4649     3463     6488     5951    24023    34068 |     90681

                    SUM           22315    15015     8011    11549     8704    13671    11976    39222    46728 |    177191

