 <pre>

 Contingency table for Rh2m (%)
 Selection: Norway    216 stations
Period: 20220701-20220731
Used {00,06,12,18} + 03 06 ... 48
 Limits    30.000000000000000        50.000000000000000        65.000000000000000        75.000000000000000        85.000000000000000        95.000000000000000        100.00000000000000     
 Each class is data <= limit, the very last > last limit
 Total number of values      402384
                                              OBSERVATION
                                    109      372       23        0        3        0        0        0 |       507
                                    498    17975     5662      720      326       77        4        0 |     25262
                                     67    10826    26777     9662     3973     1398      173        0 |     52876
              43h22_ref_summer       16     1659    15846    21533    15776     6276     1077        0 |     62183
                                      0      433     6281    20374    37747    24962     4447        0 |     94244
                                      1      158     2353     8643    28968    53806    17339        0 |    111268
                                      0       19      390     1269     6468    23803    21162        0 |     53111
                                      0        0       11       55      321      700     1846        0 |      2933

                    SUM             691    31442    57343    62256    93582   111022    46048        0 |    402384
                                              OBSERVATION
                                    103      265       22        0        2        0        0        0 |       392
                                    500    18096     5596      691      344       82        2        0 |     25311
                                     72    10977    27963    10183     4141     1486      176        0 |     54998
            43h22_extra_summer       11     1472    15691    22523    16806     6567     1098        0 |     64168
                                      5      424     5551    19741    37951    25636     4633        0 |     93941
                                      0      191     2131     7880    28082    54032    17524        0 |    109840
                                      0       17      379     1185     5949    22617    20905        0 |     51052
                                      0        0       10       53      307      602     1710        0 |      2682

                    SUM             691    31442    57343    62256    93582   111022    46048        0 |    402384

