 <pre>

 Contingency table for Cloud cover (octas)
 Selection: METCOOP    212 stations
Period: 20220701-20220710
Used {00,06,12,18} + 03 06 ... 48
 Limits   0.50000000000000000        1.5000000000000000        2.5000000000000000        3.5000000000000000        4.5000000000000000        5.5000000000000000        6.5000000000000000        7.5000000000000000     
 Each class is data <= limit, the very last > last limit
 Total number of values      102667
                                                       OBSERVATION
                                   5881     1474      886      885      576      584      474      701      587 |     12048
                                   1600      849      460      593      445      482      380      781      612 |      6202
                                    943      536      346      390      316      356      306      641      579 |      4413
                                    755      497      248      342      272      368      298      662      500 |      3942
              43h22_ref_summer      700      491      284      391      270      397      339      763      541 |      4176
                                    634      538      310      424      352      480      404      921      682 |      4745
                                    721      642      381      499      380      555      502     1162      876 |      5718
                                   1045      935      477      754      603      848      779     1972     1444 |      8857
                                   2998     3582     1837     2969     2377     4105     3899    13274    17525 |     52566

                    SUM           15277     9544     5229     7247     5591     8175     7381    20877    23346 |    102667
                                                       OBSERVATION
                                   8615     3199     1752     2111     1499     1689     1385     2839     2459 |     25548
                                    935      701      406      509      448      566      474     1140      933 |      6112
                                    551      449      246      352      267      352      276      754      627 |      3874
                                    424      351      215      258      221      304      261      614      461 |      3109
            43h22_extra_summer      439      321      217      280      208      304      300      624      484 |      3177
                                    401      296      202      261      211      324      284      708      489 |      3176
                                    506      375      230      337      236      379      323      881      661 |      3928
                                    801      654      358      488      354      583      546     1443     1068 |      6295
                                   2605     3198     1603     2651     2147     3674     3532    11874    16164 |     47448

                    SUM           15277     9544     5229     7247     5591     8175     7381    20877    23346 |    102667

