 <pre>

 Contingency table for Rh2m (%)
 Selection: METCOOP    516 stations
Period: 20220701-20220731
Used {00,06,12,18} + 03 06 ... 48
 Limits    30.000000000000000        50.000000000000000        65.000000000000000        75.000000000000000        85.000000000000000        95.000000000000000        100.00000000000000     
 Each class is data <= limit, the very last > last limit
 Total number of values      975896
                                              OBSERVATION
                                    730     1341       59        2        4        0        0        0 |      2136
                                   1428    43928    17445     2300      812      332       52        0 |     66297
                                    200    29639    83062    33479    12620     4867      891        0 |    164758
              43h22_ref_summer       27     4513    43251    63858    44631    17556     3757        0 |    177593
                                      2     1222    15614    47357    82872    56105    13432        0 |    216604
                                      2      487     5978    18713    58410   104883    44325        0 |    232798
                                      0       59      989     3231    13754    44540    47683        0 |    110256
                                      0        0       13       71      474     1329     3567        0 |      5454

                    SUM            2389    81189   166411   169011   213577   229612   113707        0 |    975896
                                              OBSERVATION
                                    642      947       49        4        2        0        0        0 |      1644
                                   1519    45280    18195     2295      837      312       45        0 |     68483
                                    191    29348    86806    35475    12935     5010      842        0 |    170607
            43h22_extra_summer       24     3952    41276    65994    46778    18064     3824        0 |    179912
                                      8     1129    13691    45386    83904    57916    13624        0 |    215658
                                      5      478     5474    16958    56321   105567    45235        0 |    230038
                                      0       55      907     2830    12367    41659    47016        0 |    104834
                                      0        0       13       69      433     1084     3121        0 |      4720

                    SUM            2389    81189   166411   169011   213577   229612   113707        0 |    975896

