 <pre>

 Contingency table for 3h Precipitation (mm/3h)
 Selection: ALL    236 stations
Period: 20220701-20220731
Used {00,06,12,18} + 03 06 ... 48
 Limits   0.10000000000000001       0.20000000000000001       0.50000000000000000        1.0000000000000000        2.0000000000000000        5.0000000000000000        10.000000000000000        15.000000000000000        20.000000000000000     
 Each class is data <= limit, the very last > last limit
 Total number of values      362355
                                                       OBSERVATION
                                 276422     4183     5305     5029     2550     2387      825      165       31       17 |    296914
                                   8495      599      918      962      605      496      185       25        8        4 |     12297
                                   9285      772     1338     1459      878      938      318       51       17        3 |     15059
                                   5834      582     1126     1326      960     1001      303       58       14        3 |     11207
              43h22_ref_summer     4476      534     1027     1427     1186     1315      486       57       29        6 |     10543
                                   3456      433      903     1491     1480     1987      794      137       42       14 |     10737
                                   1075      111      319      462      475      841      491      157       69       29 |      4029
                                    206       27       52      116      100      220      168       82       45        8 |      1024
                                     76        8       18       33       25       50       63       30       21       14 |       338
                                     38        4       19       27       13       30       32       16       16       12 |       207

                    SUM          309363     7253    11025    12332     8272     9265     3665      778      292      110 |    362355
                                                       OBSERVATION
                                 275284     4206     5273     4934     2464     2315      747      159       36       13 |    295431
                                   8648      595      950      959      559      497      184       23       14        5 |     12434
                                   9545      750     1272     1502      923      915      330       42       16        2 |     15297
                                   5838      558     1103     1311      927      914      295       58       24        4 |     11032
            43h22_extra_summer     4679      494     1041     1449     1190     1317      458       63       13       14 |     10718
                                   3794      481      969     1502     1497     2039      801      139       44       13 |     11279
                                   1188      128      318      500      546      939      565      152       54       15 |      4405
                                    277       30       68      112      117      233      172       85       35       23 |      1152
                                     75        7       18       36       34       64       62       35       34        9 |       374
                                     35        4       13       27       15       32       51       22       22       12 |       233

                    SUM          309363     7253    11025    12332     8272     9265     3665      778      292      110 |    362355

