 <pre>

 Contingency table for Visibility (m)
 Selection: METCOOP    264 stations
Period: 20220701-20220717
Used {00,06,12,18} + 03 06 ... 48
 Limits    1000.0000000000000        5000.0000000000000        10000.000000000000        20000.000000000000     
 Each class is data <= limit, the very last > last limit
 Total number of values      257134
                                     OBSERVATION
                                    363      305      298      446      440 |      1852
                                    620     1542     2531     5300    11593 |     21586
              43h22_ref_summer      253      656     1025     3283    12983 |     18200
                                    563      879     1891     7575    54415 |     65323
                                    567      763     1864    13038   133941 |    150173

                    SUM            2366     4145     7609    29642   213372 |    257134
                                     OBSERVATION
                                    336      279      271      396      377 |      1659
                                    629     1482     2412     4913    10763 |     20199
            43h22_extra_summer      288      660     1129     3230    12624 |     17931
                                    561      916     1883     7617    53048 |     64025
                                    552      808     1914    13486   136560 |    153320

                    SUM            2366     4145     7609    29642   213372 |    257134

