 <pre>

 Contingency table for Low clouds (octas)
 Selection: Finland     69 stations
Period: 20220701-20220710
Used {00,06,12,18} + 03 06 ... 48
 Limits    1.0000000000000000        2.0000000000000000        3.0000000000000000        4.0000000000000000        5.0000000000000000        6.0000000000000000        7.0000000000000000     
 Each class is data <= limit, the very last > last limit
 Total number of values       37624
                                              OBSERVATION
                                  16506      602      730      338      389      191      634      318 |     19708
                                   1637      114      175       67      111       55      185      109 |      2453
                                   1202       94      138       57       98       47      168       94 |      1898
              43h22_ref_summer     1005      101      140       61       93       48      172       85 |      1705
                                    954      111      162       71      118       60      198       87 |      1761
                                    967      123      190       68      117       67      272       87 |      1891
                                   1089      104      223       80      170       92      353      118 |      2229
                                   2349      250      477      169      427      177     1144      986 |      5979

                    SUM           25709     1499     2235      911     1523      737     3126     1884 |     37624
                                              OBSERVATION
                                  21232      957     1270      542      780      380     1366      729 |     27256
                                    577       70       88       63       74       26      132       71 |      1101
                                    373       58       71       40       60       35      114       50 |       801
            43h22_extra_summer      361       58       76       42       62       39      101       41 |       780
                                    343       43       76       24       54       38      100       29 |       707
                                    356       36       87       28       68       19      111       40 |       745
                                    509       60      114       31       76       37      171       82 |      1080
                                   1958      217      453      141      349      163     1031      842 |      5154

                    SUM           25709     1499     2235      911     1523      737     3126     1884 |     37624

