 <pre>

 Contingency table for Visibility (m)
 Selection: Sweden    157 stations
Period: 20220701-20220710
Used {00,06,12,18} + 03 06 ... 48
 Limits    1000.0000000000000        5000.0000000000000        10000.000000000000        20000.000000000000     
 Each class is data <= limit, the very last > last limit
 Total number of values       92113
                                     OBSERVATION
                                     43       78       89      104      143 |       457
                                    214      693      886     1527     4369 |      7689
              43h22_ref_summer      119      269      366     1037     5366 |      7157
                                    273      256      406     1803    21856 |     24594
                                    152      267      366     2264    49167 |     52216

                    SUM             801     1563     2113     6735    80901 |     92113
                                     OBSERVATION
                                     33       64       74       90      116 |       377
                                    228      680      865     1409     4194 |      7376
            43h22_extra_summer      143      267      369     1013     5402 |      7194
                                    251      275      431     1891    21254 |     24102
                                    146      277      374     2332    49935 |     53064

                    SUM             801     1563     2113     6735    80901 |     92113

