 <pre>

 Contingency table for Low clouds (octas)
 Selection: ALL    627 stations
Period: 20220701-20220710
Used {00,06,12,18} + 03 06 ... 48
 Limits    1.0000000000000000        2.0000000000000000        3.0000000000000000        4.0000000000000000        5.0000000000000000        6.0000000000000000        7.0000000000000000     
 Each class is data <= limit, the very last > last limit
 Total number of values      294573
                                              OBSERVATION
                                  84867    13492     9180     5632     5526     5224     5117     4488 |    133526
                                   8093     2036     1752     1224     1248     1200     1320     1232 |     18105
                                   5668     1498     1434     1026      959      972     1150     1053 |     13760
              43h22_ref_summer     4965     1588     1458     1052     1094      963     1168     1115 |     13403
                                   4663     1583     1511     1212     1117     1033     1245     1218 |     13582
                                   4418     1615     1673     1242     1216     1199     1495     1534 |     14392
                                   5384     1997     2067     1571     1600     1618     2391     2330 |     18958
                                  11963     6000     6211     4878     5339     5876    11562    17018 |     68847

                    SUM          130021    29809    25286    17837    18099    18085    25448    29988 |    294573
                                              OBSERVATION
                                 107322    19262    14396     9475     9297     8912     9556     8933 |    187153
                                   2761     1125     1102      881      809      773     1011      954 |      9416
                                   1893      777      811      631      594      577      706      716 |      6705
            43h22_extra_summer     1644      791      795      608      610      565      668      662 |      6343
                                   1684      711      707      551      558      561      733      640 |      6145
                                   1854      780      827      635      657      542      920      844 |      7059
                                   2636     1077     1033      768      843      868     1288     1383 |      9896
                                  10227     5286     5615     4288     4731     5287    10566    15856 |     61856

                    SUM          130021    29809    25286    17837    18099    18085    25448    29988 |    294573

