 <pre>

 Contingency table for Visibility (m)
 Selection: Sweden    157 stations
Period: 20220701-20220717
Used {00,06,12,18} + 03 06 ... 48
 Limits    1000.0000000000000        5000.0000000000000        10000.000000000000        20000.000000000000     
 Each class is data <= limit, the very last > last limit
 Total number of values      161426
                                     OBSERVATION
                                     46      101      147      233      320 |       847
                                    266      962     1527     2612     7827 |     13194
              43h22_ref_summer      178      404      581     1667     8672 |     11502
                                    449      440      872     3264    36602 |     41627
                                    467      428      819     3993    88549 |     94256

                    SUM            1406     2335     3946    11769   141970 |    161426
                                     OBSERVATION
                                     33       84      132      206      273 |       728
                                    278      934     1474     2466     7367 |     12519
            43h22_extra_summer      203      403      639     1605     8554 |     11404
                                    438      471      851     3315    35725 |     40800
                                    454      443      850     4177    90051 |     95975

                    SUM            1406     2335     3946    11769   141970 |    161426

