 <pre>

 Contingency table for Low clouds (octas)
 Selection: Denmark     17 stations
Period: 20220701-20220731
Used {00,06,12,18} + 03 06 ... 48
 Limits    1.0000000000000000        2.0000000000000000        3.0000000000000000        4.0000000000000000        5.0000000000000000        6.0000000000000000        7.0000000000000000     
 Each class is data <= limit, the very last > last limit
 Total number of values       30877
                                              OBSERVATION
                                  12989      324      816      177      463      128      538      339 |     15774
                                    729       57      175       30      105       27      125       54 |      1302
                                    565       65      148       29       84       25      104       52 |      1072
              43h22_ref_summer      493       46      164       30       87       20      115       50 |      1005
                                    506       60      186       31      113       30      163       49 |      1138
                                    505       67      225       44      166       41      184       67 |      1299
                                    623       77      335       68      233       76      333      138 |      1883
                                   1351      229     1703      154     1180      219     1179     1389 |      7404

                    SUM           17761      925     3752      563     2431      566     2741     2138 |     30877
                                              OBSERVATION
                                  14965      476     1354      272      810      196      974      562 |     19609
                                    341       47      172       29       87       18       87       35 |       816
                                    217       27      103       23       64       27       76       39 |       576
            43h22_extra_summer      240       41      124       20       75       26       89       31 |       646
                                    206       40      105       17       64       21       97       26 |       576
                                    234       32      138       33       88       31      127       49 |       732
                                    339       42      165       31      146       47      176       94 |      1040
                                   1219      220     1591      138     1097      200     1115     1302 |      6882

                    SUM           17761      925     3752      563     2431      566     2741     2138 |     30877

