 <pre>

 Contingency table for Rh2m (%)
 Selection: Finland    128 stations
Period: 20220701-20220710
Used {00,06,12,18} + 03 06 ... 48
 Limits    30.000000000000000        50.000000000000000        65.000000000000000        75.000000000000000        85.000000000000000        95.000000000000000        100.00000000000000     
 Each class is data <= limit, the very last > last limit
 Total number of values       75587
                                              OBSERVATION
                                     39      235       18        2        1        0        0        0 |       295
                                     98     4304     2364      371      154      106       18        0 |      7415
                                     10     2370     8733     4582     1892      959      270        0 |     18816
              43h22_ref_summer        0      404     3343     5612     4580     2127      618        0 |     16684
                                      2      190     1241     2828     5971     4256     1247        0 |     15735
                                      0       88      604      933     2677     4810     2760        0 |     11872
                                      0        9      103      234      401     1515     2327        0 |      4589
                                      0        0        0        2        2       15      162        0 |       181

                    SUM             149     7600    16406    14564    15678    13788     7402        0 |     75587
                                              OBSERVATION
                                     43      236       20        3        0        0        0        0 |       302
                                     97     4546     2728      420      187      104       17        0 |      8099
                                      7     2251     8795     4588     1807      981      262        0 |     18691
            43h22_extra_summer        1      335     3121     5835     4770     2039      643        0 |     16744
                                      0      147     1118     2618     6134     4365     1292        0 |     15674
                                      1       71      527      885     2451     4922     2800        0 |     11657
                                      0       14       97      215      329     1369     2264        0 |      4288
                                      0        0        0        0        0        8      124        0 |       132

                    SUM             149     7600    16406    14564    15678    13788     7402        0 |     75587

