 <pre>

 Contingency table for Visibility (m)
 Selection: ALL    701 stations
Period: 20220701-20220731
Used {00,06,12,18} + 03 06 ... 48
 Limits    1000.0000000000000        5000.0000000000000        10000.000000000000        20000.000000000000     
 Each class is data <= limit, the very last > last limit
 Total number of values     1282165
                                     OBSERVATION
                                   1309     1236     1070     1542     1378 |      6535
                                   3452    12346    17927    32479    33010 |     99214
              43h22_ref_summer     1721     8663    16482    41339    54408 |    122613
                                   2003     9755    29995    99845   228710 |    370308
                                   1584     5930    33565   141628   500788 |    683495

                    SUM           10069    37930    99039   316833   818294 |   1282165
                                     OBSERVATION
                                   1269     1154      982     1422     1156 |      5983
                                   3528    12536    17768    32104    31681 |     97617
            43h22_extra_summer     1777     8768    17112    41365    55254 |    124276
                                   1946     9452    29953    99629   224906 |    365886
                                   1549     6020    33224   142313   505297 |    688403

                    SUM           10069    37930    99039   316833   818294 |   1282165

