 <pre>

 Contingency table for Cloud cover (octas)
 Selection: ALL    609 stations
Period: 20220701-20220717
Used {00,06,12,18} + 03 06 ... 48
 Limits   0.50000000000000000        1.5000000000000000        2.5000000000000000        3.5000000000000000        4.5000000000000000        5.5000000000000000        6.5000000000000000        7.5000000000000000     
 Each class is data <= limit, the very last > last limit
 Total number of values      552964
                                                       OBSERVATION
                                  28783     8970     8889     5712     3088     4524     5033     3563     5038 |     73600
                                   7710     3687     3625     3170     2064     3101     3749     3459     4323 |     34888
                                   4130     2252     2253     2115     1504     2277     2996     2953     3921 |     24401
                                   3257     1933     1817     1883     1255     2067     2763     2845     3744 |     21564
              43h22_ref_summer     3068     1828     1816     1863     1328     2199     2970     3142     4110 |     22324
                                   2989     1917     1892     2133     1635     2503     3395     3991     5054 |     25509
                                   3237     2280     2085     2357     1799     3059     4436     5275     6938 |     31466
                                   4619     3271     2907     3448     2622     4556     6626     8959    12126 |     49134
                                  12442    10959     8481    11563     8768    17151    26766    62297   111651 |    270078

                    SUM           70235    37097    33765    34244    24063    41437    58734    96484   156905 |    552964
                                                       OBSERVATION
                                  41217    15574    14876    11265     6919    10408    12341    11954    15287 |    139841
                                   4093     2696     2535     2737     2098     3170     4014     4756     6038 |     32137
                                   2363     1651     1593     1657     1220     1952     2724     3219     4333 |     20712
                                   1996     1289     1231     1333     1024     1674     2329     2765     3650 |     17291
            43h22_extra_summer     1850     1224     1137     1328     1012     1725     2355     2845     3648 |     17124
                                   1851     1210     1236     1385     1049     1777     2436     3168     4156 |     18268
                                   2331     1517     1410     1664     1238     2171     3054     4123     5485 |     22993
                                   3557     2343     2165     2512     1777     3264     4866     6842     9632 |     36958
                                  10977     9593     7582    10363     7726    15296    24615    56812   104676 |    247640

                    SUM           70235    37097    33765    34244    24063    41437    58734    96484   156905 |    552964

