 <pre>

 Contingency table for Visibility (m)
 Selection: ALL    698 stations
Period: 20220701-20220710
Used {00,06,12,18} + 03 06 ... 48
 Limits    1000.0000000000000        5000.0000000000000        10000.000000000000        20000.000000000000     
 Each class is data <= limit, the very last > last limit
 Total number of values      394696
                                     OBSERVATION
                                    419      222      213      459      264 |      1577
                                   1027     3230     3841     8741     9591 |     26430
              43h22_ref_summer      508     2356     4198    11361    18392 |     36815
                                    716     2946     8377    28877    74233 |    115149
                                    369     1712    12009    46994   153641 |    214725

                    SUM            3039    10466    28638    96432   256121 |    394696
                                     OBSERVATION
                                    413      220      188      445      229 |      1495
                                   1039     3241     3845     8736     9214 |     26075
            43h22_extra_summer      590     2388     4463    11399    18366 |     37206
                                    634     2867     8407    28780    73288 |    113976
                                    363     1750    11735    47072   155024 |    215944

                    SUM            3039    10466    28638    96432   256121 |    394696

