 <pre>

 Contingency table for Cloud base (m)
 Selection: Norway     32 stations
Period: 20220701-20220731
Used {00,06,12,18} + 03 06 ... 48
 Limits    70.000000000000000        150.00000000000000        300.00000000000000        600.00000000000000        1000.0000000000000        1500.0000000000000        2500.0000000000000        5000.0000000000000     
 Each class is data <= limit, the very last > last limit
 Total number of values       22767
                                                       OBSERVATION
                                    192      213      297       48       10        5        5        0        0 |       770
                                    111      102      263       51       11       11        5        0        0 |       554
                                    113      182      584      173       36       40       12        0        0 |      1140
                                    194      220     1783      946      219       99       37        0        0 |      3498
              43h22_ref_summer      121      152     1277     1164      434      191       32        0        0 |      3371
                                     95      112      852      886      450      222       87        0        0 |      2704
                                     65       62      434      551      557      373      221        0        0 |      2263
                                     28       28      252      325      343      204      412        0        0 |      1592
                                    130       87      939     1582     1897      957     1283        0        0 |      6875

                    SUM            1049     1158     6681     5726     3957     2102     2094        0        0 |     22767
                                                       OBSERVATION
                                    180      207      265       40        4        5        5        0        0 |       706
                                    110       88      241       45       11        8        5        0        0 |       508
                                    102      160      517      159       24       21       11        0        0 |       994
                                    182      222     1414      692      138       73       30        0        0 |      2751
            43h22_extra_summer      117      139     1170      960      325      129       24        0        0 |      2864
                                     98      104      952      822      359      196       53        0        0 |      2584
                                     55       65      477      538      468      326      158        0        0 |      2087
                                     21       34      263      337      294      186      291        0        0 |      1426
                                    184      139     1382     2133     2334     1158     1517        0        0 |      8847

                    SUM            1049     1158     6681     5726     3957     2102     2094        0        0 |     22767

