 <pre>

 Contingency table for Cloud cover (octas)
 Selection: Sweden    106 stations
Period: 20220701-20220710
Used {00,06,12,18} + 03 06 ... 48
 Limits   0.50000000000000000        1.5000000000000000        2.5000000000000000        3.5000000000000000        4.5000000000000000        5.5000000000000000        6.5000000000000000        7.5000000000000000     
 Each class is data <= limit, the very last > last limit
 Total number of values       48111
                                                       OBSERVATION
                                    901      638      402      337      286      304      276      301      437 |      3882
                                    285      399      250      323      252      287      218      345      468 |      2827
                                    148      273      205      202      191      210      170      274      446 |      2119
                                    100      222      144      181      165      205      180      296      367 |      1860
              43h22_ref_summer      106      231      168      217      163      228      199      314      409 |      2035
                                     91      268      189      251      231      248      226      372      515 |      2391
                                    134      298      233      265      231      297      284      455      649 |      2846
                                    160      431      263      401      332      460      437      757     1046 |      4287
                                    534     1750     1194     1643     1498     2239     2176     4500    10330 |     25864

                    SUM            2459     4510     3048     3820     3349     4478     4166     7614    14667 |     48111
                                                       OBSERVATION
                                   1434     1512      919      997      851      952      831     1216     1888 |     10600
                                    137      331      219      292      271      344      289      471      678 |      3032
                                     78      214      165      211      149      212      155      297      445 |      1926
                                     66      160      136      157      140      160      151      261      324 |      1555
            43h22_extra_summer       62      141      121      156      114      156      153      247      356 |      1506
                                     64      127      120      145      127      167      160      291      342 |      1543
                                     67      168      123      172      133      184      184      319      460 |      1810
                                     91      280      200      242      194      307      304      534      721 |      2873
                                    460     1577     1045     1448     1370     1996     1939     3978     9453 |     23266

                    SUM            2459     4510     3048     3820     3349     4478     4166     7614    14667 |     48111

