 <pre>

 Contingency table for Cloud base (m)
 Selection: METCOOP    224 stations
Period: 20220701-20220717
Used {00,06,12,18} + 03 06 ... 48
 Limits    70.000000000000000        150.00000000000000        300.00000000000000        600.00000000000000        1000.0000000000000        1500.0000000000000        2500.0000000000000        5000.0000000000000     
 Each class is data <= limit, the very last > last limit
 Total number of values      108026
                                                       OBSERVATION
                                    262      205      226       49       14       14       16       13        0 |       799
                                    118      229      417      166       29       20       32       27        1 |      1039
                                    156      433     1205      716      203      138      182      122        9 |      3164
                                    209      463     2458     3130     1387      604      734      385       29 |      9399
              43h22_ref_summer      136      243     1518     2993     4178     2208     1768      842      148 |     14034
                                    128      225      969     1523     2427     5398     4391     1737      259 |     17057
                                    108      186      756     1206     1609     3036     7397     3421      492 |     18211
                                    103      108      530      758      822     1127     2611     3685      420 |     10164
                                    391      255     1269     2856     3727     4913     9384     8635     2729 |     34159

                    SUM            1611     2347     9348    13397    14396    17458    26515    18867     4087 |    108026
                                                       OBSERVATION
                                    223      188      179       35        3        8       12        9        0 |       657
                                    123      194      322      130       19       15       25       20        0 |       848
                                    122      422      995      553      140       98      131       63        6 |      2530
                                    192      407     2038     2319      834      396      402      235       22 |      6845
            43h22_extra_summer      116      209     1475     2635     3050     1280     1096      552       79 |     10492
                                    107      206      986     1576     2537     4213     2918     1108      171 |     13822
                                    109      194      809     1232     1560     3268     6398     2564      397 |     16531
                                     82      136      588      785      833     1159     2504     2952      296 |      9335
                                    537      391     1956     4132     5420     7021    13029    11364     3116 |     46966

                    SUM            1611     2347     9348    13397    14396    17458    26515    18867     4087 |    108026

