 <pre>

 Contingency table for Cloud cover (octas)
 Selection: Denmark     17 stations
Period: 20220701-20220731
Used {00,06,12,18} + 03 06 ... 48
 Limits   0.50000000000000000        1.5000000000000000        2.5000000000000000        3.5000000000000000        4.5000000000000000        5.5000000000000000        6.5000000000000000        7.5000000000000000     
 Each class is data <= limit, the very last > last limit
 Total number of values       32862
                                                       OBSERVATION
                                   3888      951      113      205       61      177       45      257      103 |      5800
                                    785      406       77      169       55      146       29      238       82 |      1987
                                    447      260       52      105       28      105       39      217       43 |      1296
                                    369      255       44      118       36      105       42      211       58 |      1238
              43h22_ref_summer      327      216       49      121       34      110       41      232       55 |      1185
                                    358      224       43      147       47      142       48      340       57 |      1406
                                    392      270       53      156       56      232       67      498      114 |      1838
                                    598      481       74      294       87      341      106      774      201 |      2956
                                   1592     1622      254      996      277     1527      481     5540     2867 |     15156

                    SUM            8756     4685      759     2311      681     2885      898     8307     3580 |     32862
                                                       OBSERVATION
                                   4925     1652      209      511      151      527      127      934      309 |      9345
                                    494      362       69      187       57      181       47      368       79 |      1844
                                    293      183       45      124       32      116       38      265       59 |      1155
                                    248      143       33       81       31       96       28      206       54 |       920
            43h22_extra_summer      271      162       33      114       36      112       33      220       41 |      1022
                                    224      163       40      107       29      106       51      230       57 |      1007
                                    297      210       44      119       40      144       55      365       93 |      1367
                                    510      348       46      178       54      257       82      586      158 |      2219
                                   1494     1462      240      890      251     1346      437     5133     2730 |     13983

                    SUM            8756     4685      759     2311      681     2885      898     8307     3580 |     32862

