 <pre>

 Contingency table for Visibility (m)
 Selection: Sweden    157 stations
Period: 20220701-20220731
Used {00,06,12,18} + 03 06 ... 48
 Limits    1000.0000000000000        5000.0000000000000        10000.000000000000        20000.000000000000     
 Each class is data <= limit, the very last > last limit
 Total number of values      299777
                                     OBSERVATION
                                     90      329      464      577      821 |      2281
                                    723     2006     3515     5136    14321 |     25701
              43h22_ref_summer      408      977     1352     3429    15322 |     21488
                                    732     1207     1839     6341    65760 |     75879
                                    861     1427     1766     8408   161966 |    174428

                    SUM            2814     5946     8936    23891   258190 |    299777
                                     OBSERVATION
                                     82      289      392      477      670 |      1910
                                    728     2004     3341     4959    13604 |     24636
            43h22_extra_summer      440      952     1466     3333    15294 |     21485
                                    733     1263     1879     6440    64298 |     74613
                                    831     1438     1858     8682   164324 |    177133

                    SUM            2814     5946     8936    23891   258190 |    299777

