 <pre>

 Contingency table for Cloud base (m)
 Selection: METCOOP    224 stations
Period: 20220701-20220731
Used {00,06,12,18} + 03 06 ... 48
 Limits    70.000000000000000        150.00000000000000        300.00000000000000        600.00000000000000        1000.0000000000000        1500.0000000000000        2500.0000000000000        5000.0000000000000     
 Each class is data <= limit, the very last > last limit
 Total number of values      195230
                                                       OBSERVATION
                                    432      625      644      157       79       35       39       26        2 |      2039
                                    250      630      974      367       93       56       71       48        7 |      2496
                                    310     1174     2810     1530      412      264      293      164       27 |      6984
                                    364     1035     5203     6473     2623     1106     1146      533       71 |     18554
              43h22_ref_summer      245      524     2868     5491     6979     3913     2773     1274      216 |     24283
                                    218      414     1828     2747     4340     9804     7593     2744      418 |     30106
                                    250      348     1358     2241     2811     5512    13690     6208      771 |     33189
                                    201      277      902     1416     1587     2197     5198     7412      805 |     19995
                                    950      704     2286     4666     6344     8439    15364    14160     4671 |     57584

                    SUM            3220     5731    18873    25088    25268    31326    46167    32569     6988 |    195230
                                                       OBSERVATION
                                    394      551      511      117       47       25       30       20        1 |      1696
                                    258      558      800      300       73       43       46       37        1 |      2116
                                    259     1072     2413     1212      275      176      197       96       17 |      5717
                                    323      979     4412     4864     1626      723      685      332       43 |     13987
            43h22_extra_summer      222      529     2794     4985     5016     2178     1668      793      130 |     18315
                                    190      393     1993     2952     4625     7858     4964     1782      247 |     25004
                                    219      389     1505     2352     2937     6094    11906     4699      610 |     30711
                                    156      304     1020     1442     1533     2150     4921     5777      544 |     17847
                                   1199      956     3425     6864     9136    12079    21750    19033     5395 |     79837

                    SUM            3220     5731    18873    25088    25268    31326    46167    32569     6988 |    195230

