 <pre>

 Contingency table for Visibility (m)
 Selection: Estonia     22 stations
Period: 20220701-20220710
Used {00,06,12,18} + 03 06 ... 48
 Limits    1000.0000000000000        5000.0000000000000        10000.000000000000        20000.000000000000     
 Each class is data <= limit, the very last > last limit
 Total number of values       12900
                                     OBSERVATION
                                      4        0        0        7        1 |        12
                                     87       53       52      553      241 |       986
              43h22_ref_summer       31       39       37      738      555 |      1400
                                      4       35       47     1617     1746 |      3449
                                     15       16       70     2903     4049 |      7053

                    SUM             141      143      206     5818     6592 |     12900
                                     OBSERVATION
                                      2        1        0        3        0 |         6
                                     85       53       46      567      216 |       967
            43h22_extra_summer       32       30       40      707      536 |      1345
                                      7       42       51     1692     1742 |      3534
                                     15       17       69     2849     4098 |      7048

                    SUM             141      143      206     5818     6592 |     12900

