 <pre>

 Contingency table for Low clouds (octas)
 Selection: ALL    627 stations
Period: 20220701-20220731
Used {00,06,12,18} + 03 06 ... 48
 Limits    1.0000000000000000        2.0000000000000000        3.0000000000000000        4.0000000000000000        5.0000000000000000        6.0000000000000000        7.0000000000000000     
 Each class is data <= limit, the very last > last limit
 Total number of values      954753
                                              OBSERVATION
                                 314838    37230    24293    15457    15653    14558    15473    17673 |    455175
                                  22140     5531     4769     3308     3645     3582     4226     4830 |     52031
                                  15308     4182     3870     2785     3043     3037     3582     4135 |     39942
              43h22_ref_summer    13377     4238     3871     2806     3204     3019     3782     4092 |     38389
                                  12559     4141     3945     3069     3269     3199     4108     4403 |     38693
                                  12137     4300     4289     3328     3666     3628     5036     5574 |     41958
                                  14370     5312     5387     4145     4870     5044     7703     8746 |     55577
                                  33954    16435    17721    14300    17846    20580    40747    71405 |    232988

                    SUM          438683    81369    68145    49198    55196    56647    84657   120858 |    954753
                                              OBSERVATION
                                 376554    53399    38745    25942    27170    26138    30884    35021 |    613853
                                   7310     2942     2942     2252     2477     2412     3182     3649 |     27166
                                   4958     2022     2045     1620     1801     1831     2369     2677 |     19323
            43h22_extra_summer     4325     1889     1991     1521     1786     1688     2220     2262 |     17682
                                   4393     1854     1833     1438     1615     1593     2267     2344 |     17337
                                   5148     2010     2084     1690     1850     1766     2844     3110 |     20502
                                   7286     2811     2765     2216     2635     2742     4228     5217 |     29900
                                  28709    14442    15740    12519    15862    18477    36663    66578 |    208990

                    SUM          438683    81369    68145    49198    55196    56647    84657   120858 |    954753

