 <pre>

 Contingency table for Cloud base (m)
 Selection: Sweden    123 stations
Period: 20220701-20220731
Used {00,06,12,18} + 03 06 ... 48
 Limits    70.000000000000000        150.00000000000000        300.00000000000000        600.00000000000000        1000.0000000000000        1500.0000000000000        2500.0000000000000        5000.0000000000000     
 Each class is data <= limit, the very last > last limit
 Total number of values      108909
                                                       OBSERVATION
                                    131      271      214       63       48       23       20       22        0 |       792
                                     82      344      391      180       58       31       29       29        2 |      1146
                                    118      588     1275      789      219      122      115       68        5 |      3299
                                     99      443     1870     3295     1413      562      577      276       36 |      8571
              43h22_ref_summer       64      186      860     2534     4124     2551     1540      637      120 |     12616
                                     70      123      462     1004     2150     6600     4467     1534      250 |     16660
                                    131      152      479      877     1176     3361     8752     4061      542 |     19531
                                    128      139      375      693      693     1203     2785     4896      535 |     11447
                                    515      445      782     1896     2859     5414     9243     9735     3958 |     34847

                    SUM            1338     2691     6708    11331    12740    19867    27528    21258     5448 |    108909
                                                       OBSERVATION
                                    116      209      153       44       36       17       15       19        0 |       609
                                     87      312      334      161       44       25       23       21        0 |      1007
                                     95      559     1086      593      172       70       75       39        4 |      2693
                                     82      419     1710     2569      898      385      349      175       19 |      6606
            43h22_extra_summer       57      181      858     2377     3076     1417      890      400       75 |      9331
                                     57      143      499     1112     2370     5306     2901      978      147 |     13513
                                    111      170      502      934     1272     3755     7617     3073      437 |     17871
                                     97      149      404      681      689     1260     2650     3759      369 |     10058
                                    636      549     1162     2860     4183     7632    13008    12794     4397 |     47221

                    SUM            1338     2691     6708    11331    12740    19867    27528    21258     5448 |    108909

