 <pre>

 Contingency table for Cloud base (m)
 Selection: Sweden    123 stations
Period: 20220701-20220710
Used {00,06,12,18} + 03 06 ... 48
 Limits    70.000000000000000        150.00000000000000        300.00000000000000        600.00000000000000        1000.0000000000000        1500.0000000000000        2500.0000000000000        5000.0000000000000     
 Each class is data <= limit, the very last > last limit
 Total number of values       35900
                                                       OBSERVATION
                                     50       46       33       18        3        4        4        5        0 |       163
                                     36       74      103       39       15        5        6        7        0 |       285
                                     34      140      332      224       76       38       52       26        0 |       922
                                     30      114      441      806      468      218      251      107        6 |      2441
              43h22_ref_summer       22       45      212      725     1441      824      732      283       62 |      4346
                                     29       44      156      308      762     1944     1717      603       91 |      5654
                                     31       57      160      296      418     1078     3174     1314      197 |      6725
                                     33       16      112      173      179      365      895     1180      151 |      3104
                                     79       69      198      795     1149     1947     3585     3133     1305 |     12260

                    SUM             344      605     1747     3384     4511     6423    10416     6658     1812 |     35900
                                                       OBSERVATION
                                     40       32       25       10        1        3        1        3        0 |       115
                                     30       59       84       35        7        3       10        9        0 |       237
                                     27      137      259      142       60       25       35       14        2 |       701
                                     32      104      411      597      287      150      147       88        4 |      1820
            43h22_extra_summer       18       40      201      632     1015      426      382      178       35 |      2927
                                     16       44      159      313      803     1525     1155      392       51 |      4458
                                     35       57      161      282      430     1149     2708      968      158 |      5948
                                     33       34      122      193      212      417      932     1070      131 |      3144
                                    113       98      325     1180     1696     2725     5046     3936     1431 |     16550

                    SUM             344      605     1747     3384     4511     6423    10416     6658     1812 |     35900

