 <pre>

 Contingency table for Cloud cover (octas)
 Selection: Sweden    106 stations
Period: 20220701-20220717
Used {00,06,12,18} + 03 06 ... 48
 Limits   0.50000000000000000        1.5000000000000000        2.5000000000000000        3.5000000000000000        4.5000000000000000        5.5000000000000000        6.5000000000000000        7.5000000000000000     
 Each class is data <= limit, the very last > last limit
 Total number of values       82012
                                                       OBSERVATION
                                   2129     1207      681      568      452      467      460      506      746 |      7216
                                    496      637      407      467      371      414      341      514      711 |      4358
                                    241      435      296      287      291      322      274      400      690 |      3236
                                    178      380      228      274      240      305      268      439      571 |      2883
              43h22_ref_summer      191      357      258      337      262      335      289      465      645 |      3139
                                    158      426      274      372      341      390      351      576      813 |      3701
                                    210      503      337      398      381      472      456      698     1102 |      4557
                                    265      697      445      586      507      714      686     1207     1874 |      6981
                                    866     2825     1869     2629     2406     3549     3522     7341    20934 |     45941

                    SUM            4734     7467     4795     5918     5251     6968     6647    12146    28086 |     82012
                                                       OBSERVATION
                                   2911     2486     1432     1449     1242     1375     1280     1811     2828 |     16814
                                    253      522      326      443      407      507      432      697     1059 |      4646
                                    151      365      268      305      247      331      263      431      748 |      3109
                                    120      282      207      234      220      249      233      418      578 |      2541
            43h22_extra_summer      103      252      179      238      194      251      232      381      627 |      2457
                                    122      230      200      236      222      267      244      461      648 |      2630
                                    123      307      206      248      232      301      297      517      805 |      3036
                                    163      500      337      427      337      512      513      862     1406 |      5057
                                    788     2523     1640     2338     2150     3175     3153     6568    19387 |     41722

                    SUM            4734     7467     4795     5918     5251     6968     6647    12146    28086 |     82012

