 <pre>

 Contingency table for Visibility (m)
 Selection: Estonia     22 stations
Period: 20220701-20220731
Used {00,06,12,18} + 03 06 ... 48
 Limits    1000.0000000000000        5000.0000000000000        10000.000000000000        20000.000000000000     
 Each class is data <= limit, the very last > last limit
 Total number of values       42428
                                     OBSERVATION
                                      6        1        0       19        2 |        28
                                    147      107      277     1917      804 |      3252
              43h22_ref_summer       63       83      195     3145     2022 |      5508
                                     25      101      202     6289     6569 |     13186
                                     31       60      204     8067    12092 |     20454

                    SUM             272      352      878    19437    21489 |     42428
                                     OBSERVATION
                                      5        4        4       14        2 |        29
                                    147      104      269     1894      770 |      3184
            43h22_extra_summer       61       88      198     3113     2022 |      5482
                                     29       87      214     6399     6552 |     13281
                                     30       69      193     8017    12143 |     20452

                    SUM             272      352      878    19437    21489 |     42428

